100
8
3 1 2 4 3 2 1 0
3
2 1 0
9
4 4 2 5 4 3 1 1 0
9
3 1 3 1 1 3 2 1 0
3
2 1 0
4
1 1 1 0
6
4 1 2 2 1 0
3
2 1 0
5
2 3 2 1 0
3
1 1 0
3
1 1 0
6
5 3 1 2 1 0
5
3 2 2 1 0
9
2 2 3 2 3 2 1 1 0
6
1 3 2 2 1 0
4
2 1 1 0
5
4 2 2 1 0
3
1 1 0
8
5 4 5 3 1 2 1 0
6
2 1 1 1 1 0
89
24 18 18 8 35 51 72 14 15 73 29 38 40 64 52 26 13 27 56 62 66 34 57 49 6 14 41 57 30 25 40 8 29 48 11 12 3 7 2 29 9 44 32 32 40 11 21 21 2 10 35 37 28 19 19 7 19 14 5 15 6 14 12 25 1 16 22 7 2 7 8 7 4 6 5 10 2 3 10 7 8 1 1 2 3 3 1 1 0
89
7 38 82 31 30 38 65 64 52 72 8 7 16 43 12 68 37 58 37 21 39 5 5 29 9 4 54 18 14 20 43 2 38 22 35 30 7 38 39 12 34 5 19 35 8 10 11 41 38 20 31 24 4 32 33 6 11 12 21 13 21 9 15 18 6 4 18 8 8 15 7 16 16 6 11 8 3 4 5 7 2 3 3 2 4 2 2 1 0
85
77 66 25 47 62 16 50 70 75 35 24 20 23 64 70 23 54 64 59 45 12 27 40 33 56 56 37 40 11 22 22 8 34 37 8 11 43 27 29 45 21 37 34 27 19 26 24 21 9 2 34 29 7 19 12 4 6 25 15 10 12 15 6 20 4 3 5 3 14 5 8 8 3 5 7 2 8 4 6 3 1 2 2 1 0
73
53 19 68 56 28 8 39 3 20 31 33 1 34 18 24 3 42 50 5 35 10 37 45 3 25 42 7 9 43 1 37 11 12 22 25 4 12 9 19 19 14 27 28 2 3 16 12 6 6 17 10 10 16 4 18 4 12 2 13 1 12 6 6 2 4 6 5 5 1 2 1 1 0
86
59 1 67 77 62 76 53 58 32 19 54 60 39 14 33 67 21 23 62 62 44 51 1 24 41 54 24 58 39 11 5 42 12 22 27 42 2 27 4 8 9 32 30 5 20 12 17 8 19 23 15 33 23 13 10 23 17 23 1 17 4 11 12 2 4 6 7 8 16 9 1 6 4 2 6 9 9 5 2 2 2 1 3 1 1 0
65
55 7 36 34 48 38 16 36 6 9 11 30 22 39 9 41 6 13 13 23 33 14 32 17 7 30 16 4 8 23 10 30 11 30 7 23 23 18 26 24 12 22 10 19 4 12 10 4 3 4 6 11 7 2 10 3 2 1 1 5 2 1 2 1 0
82
39 20 10 51 75 9 32 70 61 62 21 44 48 61 39 16 44 2 25 27 45 37 58 23 35 46 26 12 49 48 2 13 16 2 25 4 19 9 7 34 4 22 37 11 15 18 27 24 13 24 24 21 25 9 22 1 7 1 4 7 18 1 4 8 3 1 11 9 11 8 8 4 1 4 6 3 5 2 1 1 1 0
89
49 87 63 61 78 17 6 30 28 64 60 23 10 51 4 8 51 14 64 67 37 63 9 13 16 60 19 17 26 1 13 35 43 29 31 21 33 5 30 49 12 32 21 11 38 2 27 17 28 6 13 22 15 29 25 18 2 1 12 12 3 25 6 21 21 10 17 19 6 7 17 10 10 6 3 1 2 3 1 3 4 1 4 5 2 1 2 1 0
64
60 60 58 57 50 3 31 27 30 9 36 5 12 4 21 20 15 41 12 3 21 17 32 1 10 38 32 9 8 34 14 15 13 26 27 22 19 4 16 1 4 18 1 18 14 8 2 10 11 8 8 7 5 4 5 2 5 4 5 4 2 2 1 0
61
49 48 45 29 51 28 42 53 2 27 11 13 22 37 15 14 25 12 25 34 9 2 29 1 12 2 31 29 11 20 9 6 18 9 19 15 5 2 11 4 11 10 5 14 10 5 12 5 10 10 6 1 6 3 3 1 4 1 1 1 0
59
21 25 27 6 52 38 4 46 40 24 19 28 25 7 20 33 13 24 32 34 26 36 7 11 24 10 15 12 8 21 1 4 20 4 6 17 20 1 20 1 6 2 16 5 6 4 12 4 8 6 6 3 4 2 3 1 1 1 0
80
24 73 1 24 9 28 18 51 49 64 17 19 11 24 12 58 13 29 3 33 14 18 23 24 1 12 20 37 16 21 12 8 24 12 43 5 24 1 16 35 29 28 27 8 26 33 16 22 5 22 1 11 24 7 20 18 23 20 11 12 5 18 17 6 7 5 4 3 1 9 7 6 3 5 2 3 1 1 1 0
88
47 52 22 54 10 25 27 76 53 46 15 66 3 4 35 32 71 7 29 57 28 58 2 24 37 60 44 44 45 53 44 47 28 49 1 34 7 49 16 39 30 30 35 33 28 19 36 24 29 33 30 20 4 34 33 16 5 7 12 20 26 8 2 6 16 7 14 4 17 14 17 9 12 11 11 5 3 3 6 7 4 6 3 2 1 1 1 0
58
40 6 11 51 46 47 35 2 42 13 35 25 5 24 32 3 24 40 31 13 35 27 16 12 21 23 11 23 10 8 7 7 10 17 2 22 2 2 13 15 15 15 3 3 11 2 2 7 8 3 4 2 3 4 1 1 1 0
75
27 52 2 24 49 48 19 57 56 49 9 28 57 59 13 31 29 5 53 1 32 30 18 16 48 5 5 19 11 16 17 41 14 35 6 27 15 25 27 21 9 23 2 18 26 12 20 27 16 25 2 2 1 4 1 13 18 3 15 5 5 3 3 4 3 6 5 1 3 2 4 3 2 1 0
85
2 21 14 51 7 11 1 60 63 27 43 49 43 25 23 43 58 27 60 62 27 23 58 3 24 10 31 47 7 15 40 8 6 36 8 13 3 19 8 11 37 24 24 7 28 1 2 22 31 17 11 16 26 6 19 6 11 6 26 22 6 13 4 14 8 3 6 8 13 4 8 13 4 7 4 6 8 2 6 5 2 3 2 1 0
95
88 74 23 68 9 52 74 25 62 29 44 65 13 22 36 3 61 45 4 47 62 62 35 6 40 42 20 47 11 47 15 35 44 12 23 55 44 33 32 49 37 3 18 12 43 20 48 18 40 35 14 13 37 18 22 1 36 24 6 14 31 30 7 25 16 22 6 5 1 11 6 17 11 5 3 6 1 2 2 2 2 2 6 8 9 8 1 7 1 5 1 1 1 1 0
84
16 49 64 2 74 37 31 37 75 55 46 2 32 24 19 46 52 58 54 29 42 19 10 27 10 16 56 4 43 21 50 37 47 10 13 2 7 23 14 24 12 20 26 12 37 32 17 23 26 24 10 25 1 19 2 19 25 2 3 23 5 9 3 8 10 4 13 9 14 5 4 8 7 3 6 2 7 1 1 2 3 1 1 0
91
64 26 23 40 4 56 5 13 17 60 19 79 52 51 37 11 54 19 9 37 31 49 68 36 3 50 42 60 7 22 4 20 4 26 39 5 22 32 8 27 41 29 34 30 13 7 38 27 17 20 18 10 1 2 22 29 25 9 28 24 11 29 24 15 7 23 7 3 11 15 14 11 15 17 15 10 6 2 8 1 7 1 3 6 4 4 4 2 1 1 0
68
58 29 43 15 26 31 57 31 4 15 16 56 14 21 7 25 7 47 13 10 34 22 42 21 41 41 11 22 10 17 30 3 13 2 24 12 20 25 11 17 12 13 25 1 23 15 7 13 14 3 3 11 14 3 8 11 2 4 4 2 1 6 3 2 2 1 1 0
93
2 34 28 29 84 66 3 74 54 7 1 47 64 51 41 70 14 45 26 42 47 65 13 51 37 16 55 53 60 40 11 5 33 48 46 55 32 24 19 26 28 4 35 28 9 21 14 17 5 26 12 24 33 32 13 16 16 35 25 8 19 20 28 20 24 3 17 9 23 1 5 6 14 11 4 1 15 15 11 5 5 5 1 5 6 2 3 3 4 3 2 1 0
58
50 28 32 13 25 50 2 20 16 18 35 4 3 42 5 38 33 4 17 10 4 13 33 23 17 1 11 10 27 11 14 17 18 16 2 2 3 18 3 3 2 3 7 8 1 9 11 2 7 4 2 6 2 1 1 1 1 0
58
45 9 21 26 20 22 51 28 30 17 8 2 14 43 12 4 29 28 11 36 4 9 34 17 12 27 20 17 6 3 13 18 20 24 15 15 17 1 3 8 11 12 12 10 7 11 7 8 8 7 6 6 1 1 2 2 1 0
100
41 79 17 22 34 53 34 49 82 10 43 79 22 76 47 68 52 81 37 65 22 23 38 42 30 10 16 62 70 47 63 35 13 49 65 11 3 60 56 52 59 53 9 5 26 45 25 36 3 11 4 12 38 27 33 34 2 16 17 8 33 7 32 17 15 5 27 11 25 8 26 13 7 9 19 23 21 7 10 2 5 17 16 15 14 9 7 3 7 6 7 3 7 1 1 4 2 2 1 0
52
21 3 14 40 38 4 17 6 23 24 20 36 19 37 11 3 22 19 12 31 9 11 14 20 20 20 20 13 8 5 6 18 19 7 7 15 9 14 8 10 5 2 1 7 4 4 5 3 2 2 1 0
61
5 34 55 6 23 52 11 40 12 17 33 42 38 33 36 29 11 23 10 4 33 23 8 28 26 27 24 24 23 14 7 12 11 26 1 1 24 18 7 15 15 4 16 1 11 11 12 8 11 8 1 6 1 4 5 2 4 1 1 1 0
91
88 44 76 56 29 80 34 8 54 14 7 36 12 4 6 2 13 27 40 41 39 60 63 23 31 14 37 46 1 3 17 14 29 44 19 22 38 9 31 16 42 46 31 44 44 13 42 29 7 30 36 20 30 1 35 7 20 17 30 17 5 25 8 9 6 18 9 13 12 6 10 14 12 11 12 15 8 3 11 4 8 3 7 2 5 3 2 1 2 1 0
65
46 30 22 25 25 4 31 5 3 42 29 15 28 5 14 11 41 21 17 18 26 35 24 20 21 14 11 7 17 3 16 27 30 18 5 7 25 22 25 17 3 8 4 20 1 9 3 17 7 10 11 2 9 8 3 5 5 5 3 1 4 1 1 1 0
99
23 77 21 62 63 82 2 29 16 57 61 63 65 69 54 1 73 49 12 34 74 33 37 34 4 1 5 67 68 37 10 26 37 6 44 47 43 27 32 1 14 46 55 24 9 27 36 6 8 16 3 24 30 36 29 30 38 21 31 38 22 15 24 8 13 8 29 15 8 4 13 18 1 19 1 9 22 16 4 12 3 3 15 7 7 13 2 7 4 2 1 2 4 5 3 1 1 1 0
94
37 80 73 11 30 68 87 60 73 38 46 50 15 58 32 5 63 53 62 13 63 72 39 13 25 61 8 24 2 8 18 40 38 25 39 34 33 39 54 3 41 11 45 48 13 34 37 44 17 6 22 6 40 37 15 28 8 24 31 21 4 9 15 14 12 25 27 22 10 6 3 17 11 6 12 6 11 10 10 6 6 1 7 3 9 4 2 1 5 4 1 2 1 0
95
73 58 4 40 21 64 10 67 22 75 52 10 4 52 5 3 55 5 62 17 4 15 42 40 37 68 50 9 63 46 40 18 24 9 7 37 42 21 29 40 18 19 14 33 16 4 2 4 7 11 38 39 22 19 15 12 8 1 10 26 4 7 11 7 29 11 21 20 6 12 3 13 13 15 16 7 10 2 3 9 9 12 10 8 9 9 6 2 4 1 2 2 2 1 0
50
49 30 37 20 5 40 33 8 1 6 3 23 34 12 5 24 30 29 9 1 15 5 15 16 12 7 19 22 3 14 10 10 5 13 4 4 5 1 6 1 7 5 4 3 1 1 2 2 1 0
57
33 54 50 14 21 32 40 24 36 40 31 8 8 9 24 4 9 11 11 6 26 15 24 22 6 21 23 15 20 13 8 22 18 13 6 14 15 1 2 4 6 9 12 9 4 5 9 5 4 4 2 3 3 1 2 1 0
58
42 19 5 9 23 3 16 15 19 27 34 42 32 38 27 12 21 18 1 24 29 17 10 29 30 2 25 21 14 13 6 23 8 21 4 4 8 20 8 9 7 7 8 6 13 2 8 2 8 7 5 1 5 3 1 2 1 0
79
34 34 22 67 64 25 38 20 59 8 20 32 38 42 38 62 21 57 3 44 41 49 11 6 2 35 49 49 3 26 29 28 11 24 29 23 23 29 12 29 7 19 32 26 5 22 12 11 17 28 18 2 16 18 4 22 16 19 16 16 12 15 6 4 6 2 1 4 1 4 6 4 4 4 1 3 2 1 0
70
4 60 31 61 28 33 33 61 46 38 31 1 19 9 26 49 53 12 33 25 3 6 27 32 41 42 26 37 19 19 32 8 2 26 30 30 15 23 20 10 18 26 15 16 14 11 18 3 4 16 19 10 15 10 8 13 12 8 2 5 4 2 1 3 4 4 2 1 1 0
94
9 55 65 54 28 77 35 65 70 25 34 51 9 19 11 43 65 70 11 42 43 66 68 56 33 31 55 14 16 9 26 30 7 33 28 25 50 38 45 5 48 44 24 7 3 7 46 5 28 35 21 17 35 16 11 38 35 9 14 8 11 13 26 11 24 9 9 10 19 1 7 16 3 9 14 16 3 15 10 11 7 9 10 7 4 1 1 6 1 1 3 1 1 0
64
15 27 10 25 4 42 57 25 32 25 15 34 29 3 26 23 21 35 1 20 6 35 31 20 28 2 34 6 2 4 24 9 2 29 4 2 6 15 9 6 6 16 15 6 15 18 13 4 15 2 11 10 5 1 1 8 1 4 2 2 3 2 1 0
52
4 50 16 42 17 21 8 19 14 40 32 8 11 7 24 13 18 2 14 32 5 30 9 14 25 1 9 7 12 8 6 10 11 15 5 14 6 12 2 11 9 4 2 8 3 5 3 3 1 1 1 0
84
75 80 17 15 3 42 53 58 41 17 62 24 51 12 61 34 40 7 5 37 37 22 30 22 48 22 42 37 46 14 18 29 38 27 4 20 8 40 26 15 31 26 7 27 7 20 24 5 24 15 13 15 25 21 19 19 1 24 13 23 20 16 3 4 2 18 7 7 13 10 1 11 8 2 7 7 7 6 1 4 2 1 1 0
58
48 32 21 11 11 37 33 25 41 9 38 9 35 21 39 38 3 33 38 7 1 3 25 4 2 32 23 16 18 12 22 3 6 18 22 9 5 5 10 6 6 12 14 12 4 1 1 3 8 1 2 1 3 4 3 1 1 0
99
82 38 56 33 15 3 91 18 68 14 10 16 60 60 46 19 1 78 61 59 41 48 22 47 36 37 28 6 40 48 33 46 50 50 29 20 9 10 28 44 17 47 2 4 30 19 13 15 27 36 37 14 30 36 23 13 34 23 2 9 37 31 20 6 18 9 18 29 10 15 3 27 8 10 5 1 15 7 5 5 1 4 6 9 4 11 6 8 8 7 4 2 6 5 1 1 2 1 0
90
11 22 15 15 13 12 76 65 18 48 61 4 32 41 20 9 12 9 34 66 20 34 8 4 29 55 10 1 35 10 10 11 15 48 36 54 7 50 4 37 49 33 31 3 38 3 11 12 21 38 12 15 4 2 31 13 28 24 24 25 16 24 24 6 17 16 13 6 8 1 13 4 4 4 8 2 4 6 3 4 3 1 7 1 4 2 2 2 1 0
99
31 5 38 3 36 11 22 71 26 46 21 19 64 63 72 83 11 70 11 2 75 31 62 14 49 43 49 57 44 43 31 58 59 34 18 28 48 16 8 59 54 13 53 38 11 43 31 8 22 42 36 39 11 26 23 14 41 2 12 37 31 6 36 9 21 13 30 18 8 1 9 6 26 18 5 10 18 7 17 5 15 10 8 8 2 12 11 7 2 1 4 6 1 3 1 2 2 1 0
97
72 55 65 74 74 31 63 41 80 1 30 56 67 49 24 69 41 75 30 12 74 52 42 56 67 53 44 45 7 14 59 9 62 45 9 48 54 43 49 50 33 14 47 35 19 39 9 18 40 18 25 41 12 5 22 22 12 28 13 17 29 13 11 26 3 19 30 6 6 20 15 9 2 7 19 16 15 1 13 12 11 6 9 7 1 4 9 9 6 2 4 1 1 3 2 1 0
65
48 56 19 27 48 31 5 29 35 49 10 32 49 32 15 39 14 42 26 39 42 15 9 40 32 1 28 23 23 31 13 1 23 12 17 27 3 8 25 3 5 7 2 18 16 10 12 12 7 7 3 3 3 8 2 7 3 5 2 5 3 1 1 1 0
55
4 39 45 3 12 7 11 47 33 42 17 22 30 8 18 31 1 11 10 33 2 9 13 1 10 8 24 12 8 16 5 1 19 3 19 16 17 11 5 3 12 3 1 4 6 9 8 4 4 2 4 2 1 1 0
76
21 45 14 36 61 5 29 63 62 15 20 19 54 7 35 12 39 30 29 49 20 12 45 26 11 36 27 29 39 14 8 35 35 28 37 22 9 14 27 2 8 23 9 21 13 9 9 7 19 10 14 21 11 17 15 20 9 3 17 4 13 8 10 11 6 9 1 4 1 5 5 3 1 2 1 0
85
69 17 82 41 30 76 55 31 19 27 1 29 26 30 54 51 49 60 11 6 57 42 38 43 15 14 54 35 8 13 46 53 5 16 22 2 31 23 7 5 4 30 39 38 12 29 35 27 4 13 3 5 10 8 2 7 17 24 16 22 18 23 7 13 11 15 8 3 11 5 3 2 1 8 10 6 5 4 5 5 3 1 2 1 0
60
11 48 42 31 6 33 36 41 23 3 11 2 38 24 23 16 1 41 40 23 38 32 31 23 34 16 15 18 15 27 27 23 26 21 7 19 5 15 15 19 11 9 5 8 11 7 9 3 5 8 3 6 1 4 5 1 1 1 1 0
94
79 77 22 39 17 6 36 22 82 44 79 21 21 26 11 1 47 65 20 2 6 1 63 53 2 58 64 32 64 8 51 30 7 30 27 21 43 29 2 11 10 1 48 4 48 35 19 44 9 25 4 32 33 11 8 10 20 4 18 25 25 29 27 1 1 3 5 14 23 18 17 3 13 20 10 1 8 16 2 13 11 9 9 2 4 6 6 2 3 2 1 1 1 0
82
67 72 43 14 15 45 9 16 23 14 1 2 3 59 12 19 21 19 15 42 29 6 33 1 37 10 54 51 23 12 33 19 28 23 11 7 15 1 3 36 26 39 6 28 34 35 34 23 1 20 5 4 7 15 21 17 12 7 12 14 3 13 13 16 7 7 7 9 4 9 7 9 6 4 7 6 5 4 2 1 1 0
92
27 69 79 86 87 21 79 8 71 7 29 58 65 69 29 25 35 41 57 60 46 65 14 56 64 53 41 56 13 56 60 43 40 25 36 51 10 54 37 6 14 33 27 16 42 33 22 40 35 14 24 32 10 29 37 30 9 20 6 5 1 4 28 25 21 25 12 17 12 12 13 10 14 10 5 5 9 9 6 11 7 10 6 6 1 2 2 3 1 1 1 0
79
67 38 5 1 38 34 31 37 45 34 14 33 53 20 54 45 15 3 13 39 4 55 33 21 26 21 4 16 36 31 38 35 44 43 39 43 20 6 14 2 27 17 28 21 16 27 5 8 27 1 24 6 10 18 14 5 18 11 19 2 1 5 11 12 7 1 4 7 5 6 4 1 4 2 3 3 1 1 0
86
67 67 73 68 42 35 18 62 23 18 45 63 21 51 19 19 48 26 29 1 50 39 21 53 13 49 28 4 56 23 55 7 10 29 42 4 4 38 46 41 24 35 14 23 13 37 32 3 21 19 30 5 12 4 5 12 26 1 4 22 18 20 8 10 4 5 11 8 17 9 6 13 11 3 7 2 6 3 4 2 3 4 2 1 1 0
69
20 65 8 64 19 44 13 33 44 58 54 26 3 42 21 30 33 44 41 30 45 6 30 20 37 28 8 10 37 25 15 33 14 21 17 1 20 14 4 9 7 25 11 7 24 16 16 17 9 9 1 7 14 8 8 1 12 1 2 1 4 7 1 5 3 2 1 1 0
62
1 23 25 55 14 12 5 54 15 30 25 48 46 12 1 46 20 37 32 42 10 13 28 31 34 17 20 17 23 29 14 14 15 2 11 20 2 20 7 11 17 5 12 14 11 11 2 13 11 3 9 10 9 1 7 6 4 4 2 1 1 0
80
61 44 36 36 19 12 37 21 33 23 12 7 49 15 12 5 38 19 58 38 37 47 13 45 30 51 4 5 10 42 28 48 44 9 28 22 18 9 1 33 19 13 5 14 33 12 8 20 9 17 20 3 15 11 13 11 19 18 15 12 1 4 11 15 9 9 8 6 6 10 2 6 3 5 5 1 1 2 1 0
67
13 27 9 20 29 37 50 5 1 32 52 40 19 38 8 49 44 21 21 46 3 34 14 40 12 16 29 36 35 3 20 9 32 5 2 5 1 23 7 12 26 13 3 19 20 20 7 4 15 3 5 13 8 5 2 5 7 8 4 5 6 4 1 1 1 1 0
96
29 17 38 82 55 48 45 56 58 79 10 72 6 56 11 37 50 30 32 10 41 73 20 29 42 30 42 52 1 52 59 61 56 40 51 7 3 42 41 38 38 41 47 50 39 40 49 1 6 16 11 34 32 26 22 39 22 13 10 20 14 1 16 15 7 23 5 14 26 11 14 23 12 21 14 10 15 13 2 2 5 12 3 5 2 5 9 4 2 4 1 2 2 2 1 0
83
81 21 53 22 65 72 59 29 71 43 62 2 41 36 26 4 61 44 52 13 20 18 49 39 41 20 53 35 16 7 24 51 41 26 8 44 26 9 29 1 9 1 34 8 13 11 30 10 28 5 13 17 9 5 13 19 14 25 8 20 19 19 19 11 15 1 7 10 4 4 3 4 7 1 5 4 2 1 4 3 2 1 0
87
73 82 51 67 75 25 69 60 62 50 47 54 8 1 40 70 35 33 34 51 54 10 13 40 26 38 10 3 53 11 25 14 32 6 3 43 32 37 19 18 22 9 6 37 15 22 1 9 1 22 25 9 28 14 29 6 1 25 10 20 20 8 5 11 22 4 3 6 7 12 10 15 2 2 11 7 2 1 5 5 6 2 3 2 1 1 0
67
47 10 33 42 32 53 12 54 58 30 7 5 6 28 31 30 50 44 3 25 35 43 43 5 21 20 21 34 2 29 4 15 20 8 10 15 23 27 21 22 5 16 24 16 7 6 18 15 1 11 9 12 3 6 4 8 5 2 4 2 5 2 2 1 2 1 0
88
20 79 17 46 79 48 27 69 63 51 53 58 14 29 62 66 66 37 26 50 25 41 45 23 14 41 60 45 44 7 7 50 19 29 20 30 24 26 20 23 25 18 38 41 28 39 3 33 16 30 37 13 14 13 26 10 25 9 6 26 5 1 6 22 8 7 8 9 11 4 7 6 9 7 1 4 1 8 7 2 6 4 5 4 3 2 1 0
65
26 8 34 47 44 45 29 1 29 14 6 36 33 47 35 18 28 45 45 20 23 2 8 21 5 2 19 21 18 8 13 26 17 6 25 29 10 11 6 1 19 22 13 14 11 4 14 15 2 5 13 8 11 8 1 4 6 5 1 4 1 1 1 1 0
98
8 33 10 45 83 57 62 12 8 82 11 73 65 72 44 9 80 30 32 49 8 30 74 48 56 35 37 33 64 64 17 32 2 40 49 52 4 3 59 34 54 2 19 32 37 27 4 47 4 22 8 8 5 39 40 32 30 8 16 23 16 36 32 22 12 12 22 29 22 17 17 2 8 10 19 1 11 16 3 2 7 10 6 7 13 9 6 7 2 3 5 1 3 2 2 2 1 0
62
32 8 20 10 43 53 13 34 6 27 5 8 30 21 10 14 24 41 17 18 7 21 9 10 28 25 31 23 23 7 23 4 24 10 21 20 23 14 15 4 15 1 9 8 5 6 14 3 6 3 7 8 3 8 6 6 3 4 1 1 1 0
77
47 7 26 24 20 39 41 6 24 33 12 10 47 47 40 44 4 8 58 26 37 3 51 17 2 37 7 2 37 12 36 36 39 36 25 25 28 17 27 34 5 16 25 28 20 26 19 23 10 21 6 17 7 4 9 20 5 4 4 8 4 1 9 13 8 8 3 5 2 3 6 2 3 1 1 1 0
59
2 40 31 37 37 50 30 29 17 3 35 23 9 16 34 32 35 2 10 18 18 9 12 15 19 7 27 1 3 29 20 19 24 7 17 15 20 3 15 14 2 9 11 11 4 10 8 1 9 5 3 3 5 4 1 3 1 1 0
57
19 38 32 1 33 16 37 28 33 39 10 37 30 19 3 18 9 23 23 1 25 2 11 24 9 25 26 2 13 15 4 9 13 17 12 3 4 10 1 17 3 6 8 4 3 8 10 2 4 2 1 3 3 1 2 1 0
89
43 46 82 54 17 29 73 44 4 10 62 53 7 55 56 49 28 9 64 38 68 38 28 27 49 21 2 33 57 18 50 2 39 43 48 2 8 47 1 9 28 35 27 9 43 6 6 3 26 4 17 7 19 19 25 9 28 23 24 3 5 22 26 5 12 1 12 1 11 2 9 12 12 2 6 11 4 7 9 2 6 4 2 2 4 3 2 1 0
60
24 42 14 15 48 19 38 19 22 49 3 37 13 19 28 29 25 29 33 29 6 38 16 23 22 27 7 19 26 6 1 16 20 13 13 2 12 9 8 11 18 7 2 11 6 6 4 1 8 6 8 7 2 2 5 4 3 1 1 0
83
9 79 49 50 26 67 32 57 50 13 7 38 70 61 65 36 65 31 29 15 8 23 4 20 15 19 13 29 3 50 30 17 5 1 47 22 15 2 8 9 22 38 6 24 33 17 17 17 17 27 27 27 22 20 1 16 5 22 2 12 17 19 16 13 14 5 4 12 11 4 11 10 2 7 4 5 6 3 3 1 1 1 0
83
65 77 29 68 50 69 25 20 29 53 7 33 65 1 46 57 16 39 6 39 40 20 14 19 50 46 24 40 33 51 36 1 49 28 23 41 3 8 4 8 8 12 21 38 19 16 23 11 4 15 4 9 22 7 5 16 5 7 6 17 16 2 19 4 6 2 2 14 9 1 4 10 10 7 5 3 6 4 1 3 1 1 0
91
36 87 32 27 27 28 53 80 31 37 24 32 17 52 47 5 20 14 47 21 30 6 3 55 52 36 55 37 31 15 51 28 40 13 17 6 3 33 14 43 3 23 15 1 30 43 26 7 17 31 11 5 19 13 13 29 10 32 10 16 10 20 25 15 8 11 5 15 18 6 11 13 6 17 9 9 5 6 10 1 4 9 6 7 4 2 2 3 1 1 0
64
43 41 34 2 19 16 20 31 13 16 39 22 45 47 35 35 1 32 12 23 37 40 14 29 12 37 18 12 5 19 15 12 9 25 3 11 25 17 25 6 11 13 15 17 18 10 17 13 1 10 1 4 2 9 3 3 4 2 5 1 1 1 1 0
62
56 24 39 49 36 17 14 1 9 7 13 20 9 24 10 14 28 2 37 22 9 1 30 20 36 17 1 31 13 24 27 14 16 18 17 7 25 21 9 2 10 6 13 9 6 11 8 4 2 12 11 5 8 3 7 4 3 4 3 1 1 0
87
6 70 31 72 32 35 26 29 46 19 25 13 39 11 3 13 14 34 24 25 35 6 28 20 54 38 24 24 51 46 8 30 12 4 5 36 21 2 19 42 13 15 13 27 16 12 28 22 29 10 33 35 17 2 27 24 6 17 13 27 15 14 1 7 20 6 4 12 2 6 12 5 5 4 2 5 9 6 8 4 2 3 1 2 1 1 0
80
13 29 9 73 59 8 7 10 33 64 52 18 53 11 57 29 32 45 3 47 18 38 7 42 32 38 13 37 40 16 13 7 29 9 15 4 13 16 30 30 18 23 29 11 17 6 3 6 12 19 2 7 24 23 19 20 18 4 9 14 15 12 8 2 5 4 10 8 8 9 6 5 2 4 3 4 1 1 1 0
57
50 9 44 1 20 10 48 35 16 36 45 34 38 27 34 31 21 4 17 10 1 21 29 33 14 12 25 6 1 13 3 4 1 23 1 14 18 10 18 6 13 14 11 11 12 8 5 8 6 2 3 3 4 2 2 1 0
