100
8
2 1 3 3 2 1 1 0
5
3 2 2 1 0
5
2 2 1 1 0
6
1 3 1 1 1 0
9
2 6 1 2 3 2 1 1 0
7
5 5 2 1 1 1 0
8
1 6 1 1 2 2 1 0
7
1 2 3 2 1 1 0
3
2 1 0
6
5 3 1 2 1 0
8
5 6 4 3 3 2 1 0
3
2 1 0
6
3 4 2 1 1 0
3
1 1 0
6
4 1 1 1 1 0
4
1 2 1 0
9
1 2 4 2 3 2 2 1 0
6
2 4 1 1 1 0
8
1 6 5 1 3 1 1 0
7
1 1 3 1 1 1 0
52
29 21 36 10 15 18 6 16 22 32 37 40 23 23 32 14 26 6 10 10 1 1 29 11 1 13 12 18 5 17 8 3 3 8 15 8 4 3 6 11 1 7 1 8 7 6 2 3 1 1 1 0
55
35 8 14 39 28 12 43 42 3 44 27 26 3 19 30 17 18 21 17 3 3 22 30 15 16 11 9 9 1 5 10 12 13 17 19 3 3 14 3 14 13 12 9 11 2 2 7 5 6 5 4 3 1 1 0
100
3 10 53 26 86 39 27 69 70 83 42 49 13 51 75 5 48 31 13 76 29 64 74 56 13 29 1 72 67 13 29 49 40 23 30 19 34 46 34 39 11 53 43 32 16 11 51 34 1 13 28 8 30 14 4 38 25 15 19 38 11 34 27 26 8 16 21 1 21 5 21 26 6 12 16 14 17 21 15 14 19 18 11 6 9 6 4 7 2 6 3 7 7 4 1 3 1 2 1 0
51
29 45 10 10 6 8 35 13 22 9 2 7 22 3 15 32 33 20 5 10 6 13 3 14 3 25 17 22 22 9 11 11 17 8 14 2 3 12 7 9 6 1 2 3 4 5 3 1 2 1 0
85
40 9 39 17 47 45 44 50 59 27 37 15 58 52 23 2 29 61 43 20 23 42 36 1 6 14 11 19 30 34 4 30 33 46 35 41 24 8 21 17 20 4 32 20 20 34 2 12 6 35 22 5 2 20 12 21 13 6 11 18 19 16 2 20 12 8 10 11 13 9 11 7 2 10 9 3 1 4 4 4 3 2 1 1 0
76
26 47 11 61 6 44 26 5 2 6 34 14 56 39 19 19 18 37 50 16 18 35 7 30 47 10 12 10 18 35 42 38 41 23 9 14 19 19 12 25 23 2 22 5 13 15 11 1 6 5 23 12 17 5 8 19 3 10 1 12 8 4 8 3 1 4 8 8 4 3 4 1 2 1 1 0
65
4 21 53 44 23 23 33 30 12 18 49 27 26 15 33 35 35 13 30 30 14 32 4 25 17 26 29 1 1 17 22 4 30 13 21 27 2 17 6 7 9 14 21 21 1 17 12 8 11 3 3 3 5 9 2 7 5 5 3 5 2 3 2 1 0
100
72 43 51 33 67 70 65 37 45 41 84 46 46 19 52 6 36 39 30 54 68 57 3 71 51 50 16 55 32 39 58 48 24 42 37 50 16 30 34 60 15 2 6 35 12 54 44 21 9 6 23 20 33 17 22 41 33 36 33 13 32 10 6 9 16 9 18 29 12 13 7 21 21 8 7 5 2 1 4 15 2 9 12 6 12 12 7 4 5 7 6 1 1 4 5 2 1 2 1 0
57
2 26 10 20 52 48 32 40 6 19 27 5 15 14 3 35 3 38 2 27 6 3 25 12 9 29 24 19 1 24 18 12 14 21 11 4 11 2 17 3 11 7 12 5 2 10 6 2 3 6 4 1 4 2 1 1 0
73
45 53 6 59 61 26 5 11 43 2 45 44 7 33 23 4 47 28 6 37 12 24 21 42 33 11 43 34 19 5 41 8 37 34 20 6 23 19 34 30 20 17 4 16 13 13 9 6 6 2 9 11 9 12 9 1 12 5 9 11 9 1 9 5 8 4 5 5 4 2 1 1 0
62
1 31 4 29 41 35 16 48 53 2 11 27 11 34 5 45 45 8 34 35 36 1 16 25 15 22 5 13 17 20 16 4 25 28 7 24 18 1 8 7 19 5 1 5 6 15 10 7 2 11 11 9 6 4 3 5 3 4 1 1 1 0
71
1 10 35 58 16 7 26 44 8 28 24 44 15 57 39 11 9 53 29 3 13 45 18 37 42 9 42 9 13 39 21 4 24 15 32 3 22 22 28 23 19 12 1 15 17 14 10 2 13 14 14 17 4 15 3 10 4 6 8 11 1 6 4 5 5 1 2 3 1 1 0
88
48 4 63 16 74 15 11 27 75 58 1 23 17 50 48 8 27 6 11 26 58 41 23 36 60 33 8 39 45 2 51 45 11 45 17 3 9 36 24 2 5 19 26 31 18 23 24 7 13 5 31 10 26 9 16 23 20 19 10 10 22 7 23 13 3 15 6 10 15 13 17 1 12 12 4 8 6 3 1 6 5 5 4 2 1 2 1 0
93
59 8 38 73 25 12 51 61 45 72 71 56 24 19 50 23 66 67 26 7 16 13 54 11 55 22 21 45 46 22 15 8 16 14 13 37 15 47 14 22 23 20 10 21 9 40 33 5 5 41 23 15 1 31 31 2 27 10 19 19 28 18 23 1 25 7 24 22 17 14 8 14 8 8 17 17 4 14 6 7 9 2 8 2 3 4 5 4 2 2 2 1 0
83
59 75 79 71 47 41 2 46 39 43 32 15 5 67 22 63 13 61 3 16 59 8 40 13 40 52 55 28 8 6 3 23 46 18 8 18 30 43 30 28 9 35 27 17 26 18 23 19 25 30 17 12 6 23 10 13 14 12 15 9 4 2 8 17 18 1 3 3 13 10 3 1 7 3 5 3 4 1 4 3 2 1 0
60
27 11 2 42 1 31 36 36 49 28 38 2 21 12 15 43 13 19 11 7 27 35 10 20 14 33 18 5 3 21 23 9 26 8 4 20 23 10 6 1 13 5 7 13 12 4 13 5 3 2 3 8 3 4 4 4 2 1 1 0
86
79 51 69 66 74 36 2 54 54 32 43 69 12 42 29 58 21 26 56 52 59 7 51 45 44 21 36 34 2 32 16 23 45 21 22 19 2 19 2 45 2 8 7 23 33 23 12 21 34 31 25 2 13 24 19 13 28 21 1 12 12 23 5 10 14 9 11 7 14 7 3 13 9 11 7 6 2 8 5 6 1 4 2 1 1 0
64
26 38 43 54 35 57 54 55 54 32 14 10 21 32 33 41 14 27 43 3 10 28 14 37 30 8 27 25 2 25 2 19 25 25 2 10 20 24 16 5 9 5 20 11 14 1 16 9 5 3 9 11 2 3 4 6 3 3 2 1 3 2 1 0
86
26 4 17 56 33 12 50 31 50 46 28 36 50 11 30 3 53 29 31 61 19 39 56 14 39 47 45 26 26 10 9 1 50 4 32 2 16 35 34 16 41 17 13 17 8 39 17 34 26 21 22 30 13 26 22 20 21 9 24 13 22 23 14 12 21 5 10 17 6 5 2 13 8 11 6 1 4 6 6 5 3 4 1 2 1 0
96
57 62 47 70 62 49 62 29 9 34 57 27 63 79 21 13 78 7 22 25 18 10 51 38 7 2 61 12 25 40 16 17 49 35 2 11 19 25 38 2 17 14 36 12 32 16 5 32 28 8 1 33 38 4 32 34 25 28 26 29 13 34 31 10 6 15 18 10 3 19 13 20 6 13 10 12 18 1 13 10 10 7 7 5 9 7 7 6 6 4 5 4 1 1 1 0
91
66 62 11 65 77 59 11 41 14 13 69 73 55 40 64 34 14 35 66 53 59 18 31 3 14 65 35 21 14 59 10 44 1 12 3 20 20 18 12 3 3 8 25 7 9 9 22 26 22 11 22 38 30 31 26 28 19 14 2 5 26 3 9 2 15 22 18 23 22 6 15 10 5 10 5 13 13 13 7 11 4 8 8 5 2 2 1 2 1 1 0
94
38 54 9 74 18 82 24 23 6 43 13 72 78 47 20 71 43 31 15 42 12 3 36 51 4 63 62 22 37 6 36 37 40 17 20 30 19 33 11 17 39 22 41 24 49 38 13 7 6 5 3 21 2 22 21 37 10 36 21 32 4 20 23 13 3 2 16 26 18 22 14 7 20 13 19 3 10 8 7 7 10 9 2 3 3 5 3 6 3 1 2 1 1 0
89
6 57 52 70 77 29 45 61 60 39 10 32 52 49 6 22 9 21 46 67 12 26 14 54 63 6 2 42 2 59 35 40 43 42 28 50 19 13 35 26 14 39 32 35 22 2 26 4 36 35 37 28 34 27 18 24 27 19 7 21 8 6 3 17 15 13 10 10 16 1 15 7 5 13 11 1 7 5 8 5 1 5 3 5 3 1 2 1 0
61
20 25 30 15 4 50 48 16 50 30 13 10 14 13 40 19 34 2 38 16 40 26 31 35 32 26 3 8 12 5 18 21 18 18 10 24 23 8 8 14 18 11 8 5 11 14 14 5 2 1 4 3 7 7 6 1 2 3 2 1 0
68
36 30 43 38 62 3 29 31 30 56 22 48 46 48 8 7 7 25 33 23 36 26 28 35 5 9 14 9 5 17 23 2 31 21 10 3 24 27 28 7 7 6 17 11 17 6 17 1 19 8 7 5 10 9 8 11 1 4 3 6 1 5 1 1 1 1 1 0
92
32 42 58 35 61 11 78 78 4 68 11 58 9 69 14 76 75 52 47 31 16 16 23 20 59 44 61 12 16 28 44 21 5 32 17 25 22 43 6 24 31 1 10 19 17 38 1 18 15 10 28 5 31 9 17 14 16 9 28 26 2 23 29 25 5 25 17 4 14 12 17 11 18 14 10 12 13 5 3 3 2 8 8 8 5 2 4 2 2 2 1 0
68
53 19 28 25 28 41 50 1 11 48 19 22 2 23 47 35 21 29 14 40 30 41 37 19 28 23 15 2 6 29 11 27 2 8 32 18 23 29 12 11 1 25 7 21 9 8 19 7 9 6 4 1 9 13 4 10 8 10 9 8 4 6 4 1 1 2 1 0
50
29 34 24 9 42 26 18 32 1 3 7 34 12 1 18 16 25 32 1 25 25 20 3 15 20 20 21 16 16 20 10 4 1 9 4 2 5 5 6 8 8 2 1 3 1 4 3 2 1 0
72
3 49 51 40 2 52 39 48 30 22 43 7 42 31 57 34 8 2 10 24 47 32 34 42 24 26 6 14 26 40 22 13 37 31 36 25 8 31 30 27 2 14 24 24 22 16 13 1 19 17 21 12 7 8 13 12 8 8 5 7 10 5 7 6 1 1 2 4 2 2 1 0
83
16 70 60 28 64 49 14 19 66 49 7 15 41 55 13 42 53 61 10 61 3 9 36 21 47 30 7 51 33 4 46 21 23 20 38 44 1 39 41 24 29 8 28 20 21 32 34 28 23 7 28 27 15 12 14 2 20 16 5 1 18 6 17 9 6 9 16 5 8 6 7 4 3 1 7 4 4 3 3 2 1 1 0
54
40 43 43 30 10 5 8 27 22 1 17 29 4 17 33 37 27 33 25 26 11 20 18 24 12 25 9 7 6 24 14 20 19 13 14 4 16 15 13 10 5 4 3 3 8 1 5 6 4 4 3 2 1 0
92
29 79 83 54 52 54 42 18 8 81 27 40 65 33 39 1 46 72 13 15 43 55 50 3 44 29 61 11 26 44 53 53 33 27 25 40 51 2 35 21 29 37 15 34 18 7 20 27 24 32 32 19 32 20 29 28 5 29 14 31 22 16 16 6 15 5 18 21 5 10 16 3 17 10 16 2 12 11 5 5 6 3 3 4 4 6 1 4 3 1 1 0
67
17 42 48 2 17 13 10 38 28 35 31 14 39 10 3 23 38 6 9 41 12 39 15 38 15 10 2 7 38 15 9 7 6 6 23 25 16 5 1 25 10 20 18 4 20 18 15 5 17 10 5 10 12 10 5 3 10 4 8 1 5 3 3 1 1 1 0
63
54 16 60 11 32 17 51 5 52 41 6 15 29 28 18 4 25 29 24 25 34 28 2 18 33 21 28 12 29 9 20 18 4 15 22 15 17 17 8 13 6 21 13 17 1 17 6 3 8 6 4 5 4 2 6 4 6 3 1 3 2 1 0
61
7 55 35 52 41 11 42 6 44 48 48 9 1 25 6 10 7 17 11 17 29 5 5 14 10 9 16 26 15 15 6 10 5 12 5 16 5 16 22 1 1 9 9 5 14 12 11 11 7 9 6 4 7 7 5 2 4 1 1 1 0
93
29 7 14 62 58 20 65 38 29 67 71 63 30 15 45 19 62 3 46 62 61 68 53 55 18 32 45 29 27 41 25 61 15 19 23 36 56 40 22 3 36 29 21 11 18 18 22 39 17 26 23 36 18 22 14 3 1 10 8 15 14 10 10 28 25 25 24 21 16 12 16 2 9 6 2 4 2 2 14 13 3 11 5 3 1 1 6 5 4 2 1 1 0
97
31 43 26 87 15 53 5 61 13 86 25 53 76 57 66 75 74 9 45 52 18 35 52 19 18 10 2 11 17 52 43 65 1 28 54 35 45 26 49 26 25 5 32 18 45 51 16 30 5 12 28 30 22 31 3 12 20 19 8 36 12 31 6 33 1 14 2 5 12 22 23 17 21 13 12 5 12 2 3 7 8 1 1 13 9 11 1 8 6 5 6 4 2 1 1 1 0
86
51 63 71 61 48 28 76 20 17 43 47 57 13 12 50 25 9 49 15 3 54 33 62 27 48 33 28 39 40 54 10 42 39 17 34 10 45 29 23 46 5 15 33 30 34 4 8 34 21 9 18 23 32 18 29 7 25 21 5 26 2 14 11 1 18 12 12 1 13 2 8 3 8 7 6 7 3 8 7 6 4 1 2 2 1 0
92
17 44 4 47 46 58 57 13 69 2 10 13 42 78 45 13 31 21 35 53 38 23 33 48 9 62 63 40 29 39 42 19 29 22 52 29 55 15 26 20 30 42 24 21 38 29 29 2 4 15 32 39 12 1 32 18 4 26 21 11 23 1 24 7 21 8 13 21 20 4 20 19 11 4 7 15 13 2 3 10 1 6 7 6 5 6 1 1 2 2 1 0
81
32 32 60 31 66 30 7 23 9 41 4 55 66 11 25 42 56 21 45 52 8 17 50 1 51 8 11 22 18 20 29 13 21 36 8 45 32 17 3 39 9 29 21 37 28 26 26 15 28 20 9 4 11 4 26 13 17 5 5 10 3 14 8 6 16 15 14 6 1 10 1 3 6 2 4 1 4 3 2 1 0
51
13 42 24 12 7 5 31 2 6 1 17 14 29 2 22 8 32 27 9 21 22 5 2 8 6 25 3 13 11 4 8 16 7 8 9 9 9 10 8 1 7 2 4 5 5 1 4 1 1 1 0
63
23 49 24 41 30 6 53 44 50 43 32 20 9 6 3 1 25 1 17 6 8 1 2 22 18 6 19 1 6 21 32 22 30 9 17 21 18 11 23 8 17 21 15 8 16 10 10 2 13 9 5 4 4 7 5 1 6 4 2 2 1 1 0
57
39 49 18 16 52 28 13 14 10 46 1 3 22 31 17 37 40 8 22 7 27 29 19 1 29 17 11 17 8 6 7 23 6 21 14 4 9 3 16 7 9 15 2 11 5 4 9 1 4 3 6 1 4 3 2 1 0
95
27 89 70 47 89 79 11 15 9 72 54 53 38 75 58 56 57 10 66 24 42 59 70 70 4 2 1 39 2 13 45 28 19 33 18 32 35 39 18 32 18 51 31 29 7 4 19 2 17 30 23 38 18 37 9 11 28 19 26 23 34 2 6 18 8 4 4 7 13 11 20 20 18 19 11 14 10 12 1 14 11 9 3 7 2 3 6 2 6 2 4 1 1 1 0
58
46 6 27 16 42 23 43 29 25 29 37 26 21 2 10 32 19 8 15 16 22 19 31 24 16 8 6 27 1 3 3 22 4 20 1 8 8 1 18 16 1 9 1 2 6 9 1 1 7 5 1 5 1 4 3 2 1 0
57
34 32 26 45 3 18 48 32 31 21 13 22 25 35 31 15 20 4 34 10 8 25 5 13 31 17 13 23 23 9 4 18 2 13 9 13 17 11 15 6 4 10 11 1 12 11 4 6 7 5 1 5 3 3 2 1 0
63
10 61 58 59 52 14 12 5 5 39 45 16 7 6 17 31 43 3 28 10 31 32 29 27 9 2 9 1 33 30 13 2 18 14 15 15 15 23 11 19 10 10 9 15 5 3 9 14 5 11 4 10 5 7 6 5 2 3 2 2 2 1 0
91
15 89 85 32 23 9 43 76 39 73 20 19 42 33 67 9 13 61 64 20 27 4 62 56 37 39 37 60 31 9 43 40 12 10 15 9 6 44 26 27 16 37 39 5 7 17 12 5 14 28 25 14 6 1 24 2 28 11 15 3 4 18 23 15 13 14 6 18 19 15 8 6 16 16 14 1 8 10 6 2 3 9 8 6 6 5 1 3 2 1 0
70
68 67 9 3 48 21 25 9 33 40 13 39 53 20 27 15 24 26 47 36 24 17 23 10 41 11 15 12 40 26 7 4 26 30 31 5 27 23 4 5 26 23 2 2 7 12 9 8 13 13 18 12 1 14 1 1 9 10 5 7 1 5 1 1 3 1 3 2 1 0
61
11 27 20 21 41 24 32 41 3 36 36 31 26 17 9 10 27 9 31 33 21 10 12 12 17 12 16 28 26 8 10 9 22 14 21 18 4 7 13 12 1 7 6 2 6 4 13 6 5 6 2 8 4 3 1 3 2 1 2 1 0
81
80 31 73 39 60 41 62 12 35 28 70 4 55 21 15 3 39 15 42 12 56 19 20 1 33 25 15 51 25 1 19 40 4 19 27 25 44 13 22 6 37 25 4 35 16 25 10 20 13 24 18 12 13 10 26 10 24 11 19 20 6 14 17 9 14 12 4 5 12 2 7 9 6 5 2 2 2 3 2 1 0
92
38 51 78 61 34 8 83 37 12 9 69 4 16 14 6 9 69 12 2 50 35 29 63 44 28 62 65 21 62 49 10 37 42 22 53 9 35 22 31 23 25 48 35 9 28 20 33 14 22 19 27 12 35 14 36 29 14 25 7 19 30 11 19 27 9 17 23 7 20 8 21 3 6 12 5 9 6 3 11 8 6 10 2 1 7 2 5 2 3 1 1 0
71
56 27 16 35 32 3 51 38 59 49 36 39 30 52 44 21 43 38 30 16 40 7 33 17 23 40 11 43 18 24 32 35 36 12 25 16 9 4 19 18 30 2 1 21 25 24 7 6 20 19 4 9 13 10 4 12 3 10 9 11 8 4 2 3 3 3 1 1 1 1 0
50
36 35 22 40 8 36 41 37 15 38 14 33 1 33 24 7 11 30 24 18 13 22 15 26 5 15 23 14 14 12 1 11 1 15 15 7 5 11 9 7 6 6 2 2 5 2 2 2 1 0
86
84 41 14 69 41 63 51 68 39 48 40 65 54 61 59 14 8 42 57 61 59 55 9 17 56 50 56 2 7 55 38 11 14 19 38 5 30 47 40 12 31 34 7 32 15 13 37 33 36 3 11 18 12 22 4 21 4 26 3 1 7 3 8 1 13 14 19 10 11 12 13 7 5 3 3 9 7 2 4 1 3 4 3 1 1 0
79
71 10 69 30 21 66 35 41 20 48 25 49 21 54 21 19 34 49 1 57 53 25 40 5 43 27 3 49 7 30 10 34 6 44 15 30 15 27 34 20 32 6 19 13 28 18 27 5 24 11 3 24 6 15 19 9 14 3 18 19 11 12 7 4 3 2 7 8 7 7 2 2 6 1 1 1 2 1 0
88
27 23 1 53 43 7 17 70 44 21 59 62 71 57 53 65 1 3 3 24 20 27 25 60 39 43 42 32 4 5 1 39 49 10 25 33 12 34 41 9 25 17 9 14 20 12 30 36 28 20 6 12 14 17 10 19 25 16 13 5 24 12 24 4 17 17 2 8 13 4 11 3 5 7 9 6 5 3 7 3 1 5 5 1 1 2 1 0
87
10 30 27 65 59 69 7 40 6 30 24 75 50 23 51 65 1 35 30 40 2 14 24 15 2 8 52 10 17 31 34 32 40 6 43 32 13 46 13 8 14 14 27 4 33 19 3 37 22 26 29 35 4 15 4 8 23 6 8 11 21 11 14 18 12 12 15 7 15 7 10 6 2 3 5 11 2 2 5 4 4 1 3 2 2 1 0
74
42 29 62 65 61 40 31 44 59 56 59 49 36 3 35 32 43 24 1 48 1 46 39 20 25 48 1 23 9 37 33 34 33 15 34 4 7 12 32 29 21 28 19 14 7 24 12 18 9 24 6 7 14 19 3 6 1 10 10 14 7 4 4 4 8 5 6 2 1 4 1 2 1 0
78
63 3 57 29 73 63 51 64 68 51 61 23 13 30 26 42 23 57 27 23 7 39 42 9 53 20 39 45 36 30 45 37 30 32 6 2 34 40 26 37 18 4 17 26 5 16 3 4 18 22 13 13 1 13 10 20 16 7 1 6 8 1 8 11 13 10 1 5 6 4 1 6 5 3 1 1 1 0
69
68 36 38 64 14 13 30 53 60 36 48 1 50 30 49 6 34 43 20 34 11 36 40 22 42 3 8 27 4 31 28 16 9 6 1 20 3 7 7 5 26 24 23 25 5 20 21 2 4 19 13 12 14 13 6 12 6 6 7 3 7 3 5 5 1 2 2 1 0
67
13 22 33 52 36 33 41 50 33 34 18 30 51 13 15 31 27 21 12 20 18 19 20 14 30 12 13 30 32 13 32 11 26 15 27 4 19 26 15 13 21 22 17 22 15 14 3 2 5 2 10 9 11 6 6 3 5 7 1 2 3 3 2 3 2 1 0
70
58 54 50 19 23 47 55 51 27 20 1 55 57 13 17 2 11 6 37 37 6 26 4 4 28 27 26 39 40 37 8 19 2 33 17 33 29 3 13 5 22 9 18 12 19 7 19 10 12 18 16 11 4 6 5 1 11 4 5 1 4 7 2 1 5 2 1 1 1 0
86
23 81 32 51 53 26 71 60 27 18 75 8 13 37 28 4 58 15 5 20 59 46 59 39 10 44 53 9 44 51 12 39 30 15 37 12 47 14 40 20 20 19 5 14 16 2 25 25 3 7 9 32 17 5 6 17 1 10 9 24 4 24 22 22 3 5 9 10 10 5 12 12 9 6 5 7 3 8 3 1 2 2 2 2 1 0
83
40 64 11 38 44 38 33 65 56 73 42 7 14 12 41 2 28 35 4 57 18 49 3 17 1 23 30 19 37 51 48 35 15 33 29 44 10 17 6 16 34 25 4 19 16 21 30 21 13 32 16 9 26 25 11 19 4 4 21 8 4 21 19 8 12 14 2 5 13 7 3 7 2 4 5 7 5 3 2 3 2 1 0
56
6 27 3 51 26 40 18 36 15 14 9 36 5 13 13 8 1 15 33 27 18 10 5 32 22 24 8 17 19 19 7 7 5 2 16 1 11 13 2 13 9 10 4 12 3 4 1 6 3 6 4 2 1 2 1 0
99
60 59 27 16 13 20 43 24 3 29 88 73 5 30 49 60 29 40 63 66 31 19 45 29 23 73 13 53 37 23 13 34 52 58 56 26 48 54 50 41 9 57 54 25 42 14 36 29 36 40 9 14 20 43 11 29 40 26 3 18 21 11 4 13 21 2 29 21 26 1 18 27 9 10 16 2 5 14 9 15 11 1 3 6 7 3 5 1 4 2 1 1 3 5 4 3 2 1 0
91
9 19 83 69 55 69 28 6 82 81 57 44 38 22 16 23 43 43 12 6 61 37 36 31 64 13 53 42 52 8 33 58 57 42 32 34 52 26 17 35 35 45 3 28 16 13 23 17 19 23 10 30 9 17 10 5 32 5 9 16 8 23 13 15 19 17 16 18 22 21 19 4 15 3 12 11 5 7 5 9 10 2 4 2 4 5 2 2 1 1 0
59
41 27 14 53 16 8 34 35 38 11 10 9 16 22 24 22 30 6 24 35 27 12 31 11 24 30 19 9 20 6 25 22 2 12 18 15 9 18 17 5 8 10 8 8 13 4 11 4 3 1 7 4 3 4 2 1 1 1 0
94
61 61 87 39 79 55 63 32 34 79 12 8 48 19 57 78 10 74 10 72 66 71 48 60 17 48 66 3 58 11 26 22 48 40 5 11 14 33 53 45 29 28 17 1 49 10 36 15 28 24 38 28 21 37 38 17 11 9 22 21 23 31 25 24 8 5 2 13 2 22 23 3 16 15 4 5 7 6 10 14 13 9 5 6 7 4 6 4 3 2 1 1 1 0
70
31 4 28 50 16 60 52 60 53 52 54 27 16 13 44 29 11 1 3 19 49 2 11 11 17 11 39 11 15 13 14 12 35 4 29 18 2 21 15 24 6 5 9 5 20 23 18 3 9 13 6 14 13 11 4 7 5 7 9 7 2 1 2 3 2 3 1 2 1 0
53
36 22 10 31 42 9 31 12 8 33 33 24 21 33 11 37 1 11 8 16 15 5 8 21 3 26 23 24 9 1 1 17 5 8 11 5 9 1 7 11 9 2 5 7 8 5 6 3 2 3 2 1 0
78
33 33 26 44 26 58 9 34 2 8 13 66 25 63 50 18 37 25 18 25 36 53 37 30 6 32 40 15 12 7 44 43 20 7 4 25 33 16 3 4 6 9 13 9 17 16 9 6 4 2 10 18 25 7 4 20 15 19 10 9 16 15 3 13 2 6 6 9 3 3 3 1 5 2 2 2 1 0
83
78 49 13 28 72 73 66 21 74 56 69 36 36 61 59 66 21 22 24 58 18 50 6 28 33 42 31 21 16 10 35 23 2 13 35 22 9 5 7 4 26 36 22 35 35 30 21 7 3 16 24 19 2 22 6 19 2 15 1 2 16 9 18 9 4 10 16 6 12 1 4 5 7 1 5 7 1 3 1 3 2 1 0
79
24 72 10 43 11 10 58 40 48 67 56 9 2 24 26 20 30 43 16 48 23 11 38 55 21 3 46 25 39 7 24 46 20 11 33 29 9 35 27 25 26 9 14 22 23 11 9 24 23 16 28 8 2 11 12 17 10 19 4 19 17 12 7 12 5 6 5 8 6 4 8 2 2 4 3 2 1 1 0
71
43 25 8 51 36 29 42 45 26 19 31 37 54 28 52 23 44 45 40 33 45 36 22 6 24 6 10 35 27 5 22 15 30 5 5 27 27 11 14 4 12 18 12 18 10 11 23 7 14 21 15 10 6 10 9 4 2 2 8 11 4 9 3 3 6 5 3 3 2 1 0
89
61 27 47 19 13 13 18 80 16 40 42 77 17 11 47 33 51 30 56 2 67 25 60 57 2 21 12 23 34 47 49 27 37 1 46 25 28 41 11 3 34 27 9 10 38 3 25 16 27 32 35 20 27 15 34 3 30 11 18 21 6 4 19 19 22 8 11 10 7 5 4 10 16 4 3 13 3 3 6 7 3 7 5 3 1 1 1 1 0
93
16 50 81 65 53 87 62 74 50 12 50 1 36 78 53 42 17 34 60 50 9 2 15 35 39 44 61 35 40 5 6 20 23 12 20 53 24 18 52 3 49 34 14 49 25 27 43 10 3 4 27 32 8 15 15 19 10 29 26 2 6 18 18 6 17 2 12 3 3 9 22 3 12 15 9 3 1 12 9 6 4 11 9 2 5 1 4 1 1 1 2 1 0
65
7 53 15 37 27 54 13 28 19 43 13 26 18 37 25 2 2 39 35 1 26 3 27 20 17 37 3 6 6 32 8 30 8 4 5 16 14 3 20 4 24 18 5 6 18 11 8 2 16 7 7 5 3 6 4 7 4 5 1 3 2 3 2 1 0
59
58 45 31 20 45 48 39 11 11 33 32 6 33 40 29 41 36 8 20 12 17 4 23 24 12 29 6 18 6 24 19 15 23 10 10 8 21 13 10 13 8 8 9 3 8 12 6 7 3 5 8 1 4 4 3 2 2 1 0
