100
7
8 5 2 1 7 5 8 
6
8 4 1 10 8 10 
7
1 2 3 4 3 2 1 
3
7 5 5 
8
1 2 3 4 4 3 2 1 
50
91 32 50 49 68 72 16 30 28 31 21 23 97 46 89 72 41 48 62 78 4 38 11 93 54 67 71 62 84 66 36 40 13 23 12 67 78 84 22 26 73 9 4 84 10 9 37 28 50 21 
32
96 3 51 12 59 37 100 53 19 56 14 11 54 8 30 30 76 21 41 49 45 41 20 97 74 25 12 78 9 23 48 24 
31
1 2 3 4 5 6 7 8 9 10 11 12 13 14 15 16 15 14 13 12 11 10 9 8 7 6 5 4 3 2 1 
36
42 95 99 99 23 87 78 40 16 25 15 85 91 99 90 19 45 85 77 18 20 47 26 80 91 21 85 67 43 67 53 8 61 28 90 89 
33
77 53 34 60 89 46 50 77 97 53 25 24 39 76 19 38 74 58 78 72 28 92 17 84 46 59 75 75 6 90 2 19 87 
89
1 2 3 4 5 6 7 8 9 10 11 12 13 14 15 16 17 18 19 20 21 22 23 24 25 26 27 28 29 30 31 32 33 34 35 36 37 38 39 40 41 42 43 44 45 44 43 42 41 40 39 38 37 36 35 34 33 32 31 30 29 28 27 26 25 24 23 22 21 20 19 18 17 16 15 14 13 12 11 10 9 8 7 6 5 4 3 2 1 
90
44 27 48 61 98 49 32 14 24 66 66 23 9 4 21 14 2 38 22 17 38 76 78 86 69 29 57 41 36 73 78 73 7 57 49 71 60 87 86 70 9 64 37 10 42 72 20 3 12 64 75 23 6 96 4 74 10 52 83 26 66 85 45 58 97 62 55 3 61 52 4 13 39 2 11 4 25 37 34 92 62 28 83 92 46 85 11 82 32 85 
63
1 2 3 4 5 6 7 8 9 10 11 12 13 14 15 16 17 18 19 20 21 22 23 24 25 26 27 28 29 30 31 32 31 30 29 28 27 26 25 24 23 22 21 20 19 18 17 16 15 14 13 12 11 10 9 8 7 6 5 4 3 2 1 
70
62 62 1 2 54 41 12 62 84 45 74 10 91 48 51 1 91 57 45 43 41 51 95 31 82 44 95 31 32 83 2 88 53 36 6 95 32 82 66 48 37 69 64 74 45 77 46 23 76 4 28 100 70 20 16 42 31 75 76 5 9 58 10 87 88 49 79 6 86 15 
55
1 2 3 4 5 6 7 8 9 10 11 12 13 14 15 16 17 18 19 20 21 22 23 24 25 26 27 28 27 26 25 24 23 22 21 20 19 18 17 16 15 14 13 12 11 10 9 8 7 6 5 4 3 2 1 
91
14 53 99 85 65 23 99 7 3 64 55 65 38 99 46 63 95 15 40 54 27 3 77 10 56 51 26 43 22 48 82 49 96 92 46 39 33 1 49 61 11 36 8 17 89 63 18 41 54 9 5 91 11 93 30 9 94 9 67 19 36 39 6 40 80 68 7 69 71 43 11 97 50 84 32 59 51 92 62 100 19 67 53 39 16 38 31 67 15 98 61 
58
89 63 100 76 83 36 77 44 98 78 57 19 13 44 84 9 61 98 96 8 23 7 94 89 96 83 33 45 90 89 21 57 94 22 17 78 13 46 22 42 91 77 62 19 16 25 48 35 54 91 39 33 100 41 51 88 89 16 
91
1 2 3 4 5 6 7 8 9 10 11 12 13 14 15 16 17 18 19 20 21 22 23 24 25 26 27 28 29 30 31 32 33 34 35 36 37 38 39 40 41 42 43 44 45 46 45 44 43 42 41 40 39 38 37 36 35 34 33 32 31 30 29 28 27 26 25 24 23 22 21 20 19 18 17 16 15 14 13 12 11 10 9 8 7 6 5 4 3 2 1 
84
30 35 71 71 78 93 98 11 86 18 96 17 29 34 55 13 43 98 8 81 4 98 52 69 6 41 65 100 29 61 23 89 99 3 75 53 56 73 42 26 77 94 48 89 11 77 9 77 48 42 99 58 74 99 57 27 16 43 53 53 82 20 77 81 19 34 63 95 75 90 68 49 13 16 63 15 39 32 69 1 66 52 58 40 
78
92 99 14 28 33 45 39 19 65 81 19 21 32 10 50 17 61 61 5 13 49 70 99 39 95 8 16 49 90 4 80 6 64 45 87 5 41 25 18 24 18 2 71 62 52 51 67 19 1 52 6 98 33 96 63 9 10 42 33 73 5 12 9 82 10 2 37 11 76 76 43 7 95 50 2 85 58 72 
79
49 40 69 97 45 70 48 39 45 9 14 3 80 54 27 46 4 27 10 22 44 58 26 41 94 48 47 27 19 17 61 43 34 76 68 30 13 31 51 74 52 88 15 88 18 56 15 73 37 71 28 6 18 27 23 61 87 94 30 50 8 58 78 93 33 81 28 32 62 93 53 36 44 90 70 34 91 43 39 
80
100 90 72 11 44 94 81 7 92 40 16 93 63 7 9 98 73 30 22 24 67 69 2 48 55 54 81 50 59 25 94 52 70 76 65 92 90 92 48 53 32 25 48 19 46 47 45 28 1 76 11 86 40 82 45 71 79 21 6 57 30 75 75 28 4 39 1 63 1 69 89 70 38 76 88 55 64 42 32 76 
59
1 2 3 4 5 6 7 8 9 10 11 12 13 14 15 16 17 18 19 20 21 22 23 24 25 26 27 28 29 30 29 28 27 26 25 24 23 22 21 20 19 18 17 16 15 14 13 12 11 10 9 8 7 6 5 4 3 2 1 
74
31 52 54 93 81 15 32 39 22 93 38 41 41 87 37 48 91 82 6 64 12 31 28 57 2 51 92 75 23 67 78 32 25 11 84 13 31 47 27 20 18 34 32 28 47 1 91 42 96 50 9 21 61 14 56 66 37 89 7 99 8 12 63 2 67 17 9 16 53 73 26 49 90 77 
76
93 85 55 88 78 45 97 10 71 61 86 41 35 74 66 32 71 28 13 15 10 100 27 63 8 73 52 42 6 37 96 29 78 20 91 53 30 24 20 22 3 61 26 40 48 34 90 51 4 94 88 46 75 44 31 55 77 45 54 59 11 91 37 78 6 97 54 20 10 19 41 30 12 91 62 78 
84
35 41 41 10 25 34 17 70 51 23 16 29 69 42 84 49 85 89 57 67 83 92 82 90 24 65 92 5 93 69 97 13 93 38 25 7 57 17 61 51 86 75 34 58 97 94 51 44 1 19 28 25 48 42 46 84 98 65 1 10 68 97 59 91 9 17 4 45 62 11 58 54 31 47 14 15 17 43 54 58 72 98 40 19 
60
94 9 3 22 16 69 45 35 77 31 59 38 84 50 81 26 93 70 66 55 3 27 43 60 72 10 34 50 16 11 66 43 60 89 57 81 90 76 41 63 65 16 54 69 88 41 3 53 1 79 16 83 36 46 13 5 43 42 99 49 
79
1 2 3 4 5 6 7 8 9 10 11 12 13 14 15 16 17 18 19 20 21 22 23 24 25 26 27 28 29 30 31 32 33 34 35 36 37 38 39 40 39 38 37 36 35 34 33 32 31 30 29 28 27 26 25 24 23 22 21 20 19 18 17 16 15 14 13 12 11 10 9 8 7 6 5 4 3 2 1 
60
69 27 43 81 75 85 79 35 66 100 17 68 34 67 57 76 65 69 16 85 76 90 93 38 50 58 51 26 29 85 12 94 81 59 70 28 5 55 87 6 42 71 21 18 48 36 22 41 74 6 40 1 15 76 28 44 44 23 69 100 
77
1 2 3 4 5 6 7 8 9 10 11 12 13 14 15 16 17 18 19 20 21 22 23 24 25 26 27 28 29 30 31 32 33 34 35 36 37 38 39 38 37 36 35 34 33 32 31 30 29 28 27 26 25 24 23 22 21 20 19 18 17 16 15 14 13 12 11 10 9 8 7 6 5 4 3 2 1 
60
99 83 20 44 8 47 4 26 99 68 43 89 63 6 29 81 79 46 98 6 79 19 53 91 7 25 12 70 36 53 90 83 10 72 2 99 42 20 95 58 79 80 34 4 76 22 9 73 50 9 41 14 71 42 17 33 8 75 100 17 
88
90 74 34 54 89 92 71 33 24 87 77 19 70 52 77 90 19 24 14 88 32 18 17 53 11 25 45 3 79 94 42 41 83 12 47 60 35 49 72 93 97 2 94 48 34 39 85 91 41 99 77 57 16 91 10 84 49 34 50 36 74 61 39 47 54 23 83 32 80 58 21 13 90 78 5 31 54 5 43 28 10 59 28 82 16 89 94 26 
98
9 65 88 88 94 42 11 69 86 59 59 49 94 3 79 44 15 25 94 39 47 79 61 50 86 65 26 92 46 28 21 29 52 48 56 59 31 60 9 80 5 97 66 42 37 71 43 77 62 24 33 46 72 99 68 49 80 35 49 58 82 82 65 88 100 3 99 84 39 10 43 55 77 65 59 11 52 69 74 90 3 61 43 67 40 78 18 90 21 89 50 37 43 6 52 66 75 75 
90
19 95 81 54 30 97 33 48 8 17 96 67 58 84 7 14 58 28 90 18 16 27 98 29 67 53 58 36 100 95 11 11 2 15 12 35 98 34 97 83 97 45 47 100 66 80 72 72 67 40 33 24 35 27 100 31 18 75 8 29 27 26 57 40 58 51 2 80 82 80 93 29 6 44 54 69 19 35 73 11 88 96 3 89 97 98 5 4 81 5 
58
38 53 53 43 94 19 88 57 16 21 72 43 58 84 79 11 23 76 97 43 96 99 26 27 13 79 66 48 60 87 11 10 87 58 47 94 77 46 5 30 56 30 11 95 3 55 58 19 100 87 69 50 19 11 86 65 89 62 
66
69 63 95 50 25 39 21 47 72 59 98 17 79 77 15 14 55 50 70 81 72 76 44 93 66 92 100 4 28 72 67 48 80 66 41 78 79 39 77 39 32 42 83 52 8 34 33 47 70 61 93 60 80 25 60 72 85 24 15 14 47 84 62 15 2 68 
71
51 77 1 40 52 74 89 9 79 1 22 41 11 9 57 12 28 13 73 80 47 16 33 83 93 7 6 48 68 12 18 60 14 91 16 4 37 91 17 49 6 11 98 54 35 5 58 90 49 83 84 75 90 45 11 70 60 41 51 58 57 52 21 57 93 82 56 53 85 7 80 
86
45 45 53 86 86 23 37 83 10 29 90 35 6 88 48 14 63 4 43 62 93 67 36 45 4 6 5 12 9 11 14 3 36 16 18 72 24 37 49 2 82 19 31 13 75 40 98 72 60 52 47 73 77 12 94 66 94 24 94 21 10 45 13 24 91 33 8 22 92 21 43 17 45 19 86 91 93 16 39 16 38 60 36 68 46 79 
69
66 74 49 78 4 96 53 100 66 49 14 28 34 77 18 25 100 75 24 79 84 36 17 72 22 68 57 14 32 17 32 99 56 33 69 36 41 68 3 32 94 87 29 19 98 39 5 85 59 54 2 90 47 54 18 79 53 66 16 100 16 96 96 15 53 19 93 25 39 
77
1 2 3 4 5 6 7 8 9 10 11 12 13 14 15 16 17 18 19 20 21 22 23 24 25 26 27 28 29 30 31 32 33 34 35 36 37 38 39 38 37 36 35 34 33 32 31 30 29 28 27 26 25 24 23 22 21 20 19 18 17 16 15 14 13 12 11 10 9 8 7 6 5 4 3 2 1 
87
61 19 22 26 72 40 87 58 47 40 97 23 29 89 84 75 36 97 25 31 99 18 38 20 3 1 10 38 93 75 52 92 35 43 15 4 14 16 55 75 16 36 34 63 9 72 93 11 44 79 36 63 9 27 87 7 55 95 32 27 39 52 76 3 31 99 67 49 85 68 84 70 60 27 90 54 63 4 69 72 4 67 13 36 33 8 90 
74
53 99 60 30 80 90 25 67 1 43 65 52 87 79 52 25 88 66 40 95 75 21 86 24 39 90 44 91 44 63 32 87 35 65 8 30 39 65 63 69 67 40 35 86 10 80 54 70 47 93 55 68 66 41 86 46 92 89 9 60 26 53 62 96 25 22 56 15 87 46 54 56 69 50 
96
8 9 83 96 80 35 68 12 1 16 40 40 96 86 59 72 46 35 45 95 15 80 45 86 29 99 24 27 62 47 3 1 37 93 33 35 43 75 55 65 38 40 76 66 43 10 1 45 69 90 54 81 29 18 53 83 81 12 74 99 98 30 12 16 24 39 88 67 52 78 27 48 84 35 23 16 28 73 56 75 57 75 19 62 70 24 59 35 3 90 58 62 41 39 66 88 
97
1 2 3 4 5 6 7 8 9 10 11 12 13 14 15 16 17 18 19 20 21 22 23 24 25 26 27 28 29 30 31 32 33 34 35 36 37 38 39 40 41 42 43 44 45 46 47 48 49 48 47 46 45 44 43 42 41 40 39 38 37 36 35 34 33 32 31 30 29 28 27 26 25 24 23 22 21 20 19 18 17 16 15 14 13 12 11 10 9 8 7 6 5 4 3 2 1 
78
51 35 23 8 73 82 10 45 37 84 95 33 89 63 85 75 20 3 83 34 5 69 68 64 10 8 27 97 60 65 46 48 43 92 21 73 33 5 70 73 10 86 46 46 31 38 88 87 70 40 54 95 67 67 82 62 36 93 89 68 39 89 43 40 51 57 55 99 61 69 67 51 34 93 2 36 74 80 
95
8 19 82 22 50 84 93 51 80 33 2 11 85 9 90 12 72 77 73 90 92 65 24 48 92 81 57 44 98 11 85 18 36 17 40 80 11 49 31 72 73 28 71 53 39 56 66 100 54 86 55 64 53 24 60 1 46 18 93 63 46 67 83 51 39 40 55 94 10 53 38 15 18 83 81 43 92 60 63 15 26 80 81 82 25 43 98 31 41 37 64 70 13 47 66 
61
38 23 82 23 85 23 85 6 59 53 32 95 27 71 1 74 59 93 97 89 14 15 80 92 61 23 100 76 65 38 41 27 27 47 52 24 38 3 74 30 28 86 23 28 37 97 23 28 96 48 3 40 41 7 85 34 17 18 36 68 91 
58
1 80 48 93 30 69 3 62 21 99 48 59 63 14 16 86 71 74 30 98 97 85 15 91 62 29 32 16 81 14 49 23 40 50 15 12 25 76 49 59 81 70 19 13 96 87 81 8 36 82 31 60 94 78 85 34 28 3 
92
70 49 27 17 5 14 43 34 98 78 68 34 87 92 22 38 46 19 66 87 82 86 43 23 79 91 63 93 64 86 50 75 95 40 17 14 46 19 30 28 26 61 60 77 62 83 36 65 51 20 25 12 20 35 8 76 35 17 79 97 43 38 66 6 42 38 70 94 96 8 21 8 61 40 97 20 9 30 32 70 16 16 51 76 38 30 73 64 2 43 29 28 
59
1 2 3 4 5 6 7 8 9 10 11 12 13 14 15 16 17 18 19 20 21 22 23 24 25 26 27 28 29 30 29 28 27 26 25 24 23 22 21 20 19 18 17 16 15 14 13 12 11 10 9 8 7 6 5 4 3 2 1 
414
97 24 7 92 34 46 99 23 18 47 62 89 70 3 33 32 5 83 16 1 60 20 99 70 44 4 5 99 17 94 50 47 99 32 95 12 6 55 26 70 25 52 24 40 23 31 47 10 15 21 71 30 6 92 15 30 19 38 66 19 77 94 31 87 67 100 56 38 68 66 21 6 86 81 25 17 71 77 7 42 1 43 28 93 83 62 51 94 98 62 53 67 24 42 91 90 18 63 81 97 88 66 53 99 42 57 50 72 59 28 50 93 91 17 98 1 52 57 70 95 26 57 31 62 49 25 55 97 64 34 88 72 99 8 77 23 54 67 83 9 47 30 10 39 92 49 37 4 11 81 7 17 47 16 7 56 83 96 32 58 48 81 61 53 1 28 44 60 56 49 26 97 32 5 79 39 27 54 29 66 4 15 45 88 81 81 84 73 32 79 51 51 86 20 1 52 26 72 89 17 64 2 16 35 77 81 68 81 36 84 82 22 1 67 82 28 48 22 98 57 18 89 15 60 75 54 1 3 18 99 22 23 9 93 18 20 76 12 35 5 17 40 12 82 21 88 27 37 93 2 12 59 33 61 63 80 21 70 20 23 87 91 24 28 79 21 55 78 57 3 72 44 48 31 5 63 63 52 50 9 72 23 30 81 7 46 59 71 43 60 63 51 95 91 5 56 39 9 48 87 32 49 20 75 46 12 47 25 72 33 47 37 24 13 10 25 71 48 80 8 51 34 85 33 88 64 76 82 56 61 83 20 16 18 11 91 88 37 13 98 62 45 37 8 19 25 14 69 77 79 41 74 54 63 6 6 49 5 73 96 75 83 42 41 19 64 63 82 25 23 34 55 47 3 16 64 40 60 6 25 52 14 48 31 78 38 90 32 52 50 88 81 27 1 21 73 84 46 62 51 1 61 74 62 80 91 14 25 92 23 3 32 95 67 
190
11 94 35 14 9 55 36 34 85 4 21 83 69 97 70 40 79 90 74 38 26 50 34 86 41 71 10 38 72 96 83 94 27 83 12 19 20 82 17 17 14 43 94 81 96 30 20 43 12 16 25 82 95 56 75 74 14 83 87 1 8 98 52 9 57 41 69 28 48 2 23 69 69 62 88 93 61 68 28 46 92 74 41 77 7 49 54 85 81 9 75 20 77 45 59 45 39 73 19 58 54 90 57 23 15 53 97 23 59 29 40 54 64 22 69 91 12 53 76 84 53 54 53 44 39 48 78 39 1 56 66 33 67 14 22 38 20 33 51 1 41 37 41 78 68 65 99 85 47 91 67 20 54 23 77 7 63 8 49 61 64 81 67 67 97 37 34 86 14 23 92 38 76 17 51 3 62 61 21 90 40 3 61 36 31 63 23 20 74 86 
371
99 75 30 77 32 82 1 41 50 3 14 62 82 74 44 95 46 68 36 62 39 72 100 74 73 13 4 19 90 38 24 84 90 49 78 8 73 49 62 65 29 53 19 6 32 86 31 20 87 1 94 55 96 10 46 55 33 70 36 29 88 45 93 28 12 20 12 81 7 19 91 3 39 93 43 22 32 37 27 67 22 6 91 41 51 36 4 80 19 92 83 57 44 73 62 9 81 64 100 9 7 24 46 96 11 81 50 11 100 48 61 64 47 51 60 50 12 26 46 20 1 83 50 47 84 49 10 40 84 88 45 10 92 89 26 65 25 97 96 31 93 11 55 73 49 26 16 82 88 73 32 30 97 63 48 85 66 91 91 91 43 13 14 100 26 88 44 52 99 23 68 12 62 72 61 85 53 85 87 59 34 35 98 62 99 74 23 24 89 58 62 45 84 71 59 47 79 97 97 18 39 9 49 63 96 40 1 98 42 59 37 73 97 24 44 57 42 75 40 68 61 75 4 55 10 16 86 82 1 39 28 60 72 74 71 2 91 45 66 71 37 80 95 80 31 89 22 69 36 11 41 54 7 4 23 55 98 97 93 73 27 59 45 15 73 16 41 88 50 79 50 38 53 2 32 6 29 23 10 81 99 70 24 59 79 81 80 73 26 92 77 2 75 29 55 88 19 23 47 89 65 56 70 22 65 48 89 38 98 60 10 53 62 20 92 24 83 20 6 31 50 89 58 24 93 38 25 1 7 25 1 33 89 87 96 61 84 76 64 23 57 11 87 54 8 25 97 80 88 27 69 11 73 94 92 68 55 31 34 79 60 85 5 87 100 15 54 78 83 31 97 
328
14 12 24 1 37 72 69 42 42 84 54 29 27 59 9 71 14 26 75 22 84 60 75 2 1 53 16 9 20 81 48 75 6 60 60 37 89 43 64 76 59 79 81 78 23 11 78 30 15 98 28 91 42 15 53 86 82 95 67 96 61 27 8 10 92 5 61 41 7 5 58 88 40 30 57 40 45 36 99 96 76 6 16 39 1 74 27 14 44 14 49 43 19 44 59 76 31 87 8 72 40 14 72 4 33 35 72 83 67 12 54 4 49 5 53 31 74 39 77 48 2 22 72 24 37 16 95 9 71 82 59 90 70 46 80 39 42 53 80 15 57 33 7 50 67 50 19 13 29 84 14 15 80 39 50 91 75 68 70 52 88 59 58 2 18 25 80 48 90 99 47 52 70 73 23 15 53 69 10 30 54 9 90 86 91 75 43 53 68 6 82 79 49 42 65 52 98 39 2 60 10 96 79 56 9 85 21 76 35 73 14 52 94 72 33 51 6 45 62 53 4 17 5 79 37 90 18 66 99 50 23 68 42 66 68 98 84 20 6 41 66 39 65 2 13 64 6 79 38 65 94 96 13 79 49 2 24 79 86 68 88 4 89 28 4 43 18 16 50 79 41 37 56 95 36 21 84 28 61 20 41 94 99 16 40 27 96 6 19 81 29 38 87 83 87 48 3 47 44 66 10 3 83 35 28 67 72 22 5 6 12 69 6 38 56 5 51 88 57 78 32 5 80 66 61 51 59 72 
500
21 73 65 54 71 9 34 99 26 88 53 39 67 20 6 49 92 19 25 71 12 64 48 62 54 37 28 92 69 89 1 6 79 16 60 26 4 12 10 2 56 42 56 76 4 97 19 94 33 85 78 79 28 77 81 19 82 28 18 57 61 74 85 67 87 94 85 65 8 61 44 74 14 80 11 48 69 79 85 7 70 34 27 26 41 45 4 75 76 78 81 93 18 28 41 17 34 31 70 85 25 3 38 53 32 10 91 45 48 65 34 48 18 16 71 68 81 56 10 80 36 66 81 54 15 23 18 32 25 6 91 57 75 89 44 30 63 55 41 30 63 83 23 88 15 94 39 42 82 84 94 39 85 58 31 74 27 86 67 81 37 42 78 33 25 39 92 82 76 89 86 21 46 49 45 14 43 66 15 45 97 5 31 90 20 91 66 44 35 65 63 98 41 71 55 42 33 15 71 23 83 60 22 31 72 60 64 88 25 90 94 46 27 97 7 94 29 76 96 25 5 76 27 62 91 10 69 92 53 29 19 15 51 24 45 73 35 3 64 8 38 29 3 64 70 85 60 61 78 12 48 33 4 16 64 50 67 46 93 97 3 3 63 76 56 42 53 93 16 10 91 8 14 65 65 21 15 94 19 46 80 29 86 3 97 97 90 97 9 37 44 19 43 98 26 89 5 100 67 60 83 39 43 65 16 76 96 21 41 63 54 84 73 12 62 45 83 66 20 72 49 42 43 52 85 31 27 38 64 94 12 19 47 92 76 95 7 64 27 93 44 59 36 98 62 92 71 95 12 83 67 23 13 88 47 14 89 69 50 51 53 74 99 48 69 68 36 15 33 3 76 33 18 93 37 7 67 58 34 25 96 92 49 36 99 62 100 65 98 74 61 55 18 1 44 79 53 73 78 15 25 17 48 1 33 78 68 35 63 100 22 70 74 21 47 65 49 17 33 9 48 1 10 52 22 8 11 64 94 39 69 50 15 86 2 88 69 89 72 26 59 60 31 88 5 26 59 3 51 41 3 17 99 56 15 93 50 17 91 70 45 30 93 98 19 22 39 81 36 88 10 52 83 29 10 14 11 2 42 71 98 37 76 52 33 27 50 61 64 34 87 64 46 76 93 71 60 26 28 29 
430
47 82 33 28 80 22 68 13 70 25 72 76 32 23 83 17 9 73 58 50 81 95 83 23 89 42 46 48 48 15 7 34 84 62 82 60 48 98 37 100 51 20 18 57 94 42 65 12 58 25 30 57 85 83 37 27 56 28 59 42 72 9 44 11 85 28 37 22 11 26 84 76 83 98 62 88 5 39 30 33 78 31 85 80 6 76 98 78 66 26 89 13 71 90 61 75 98 44 20 41 84 47 51 2 14 94 75 88 67 7 53 25 66 42 12 74 38 97 47 12 67 58 34 63 40 96 7 63 38 51 5 13 78 92 18 42 46 90 66 46 38 25 65 13 43 24 80 42 73 13 58 32 86 41 20 78 45 41 15 59 5 74 60 5 89 55 56 4 54 45 49 24 93 37 90 84 1 61 69 1 55 6 15 89 7 17 28 37 72 44 51 91 45 73 10 40 46 59 20 16 76 27 45 82 12 93 8 100 92 42 57 96 49 44 54 33 30 27 22 80 36 48 31 75 5 66 92 92 5 37 5 34 1 29 54 65 60 27 59 9 27 76 13 77 57 80 25 39 73 17 86 8 86 24 74 35 5 18 25 78 2 100 14 56 38 20 24 58 76 67 56 75 17 86 65 41 11 67 15 87 13 7 34 68 19 17 17 86 82 86 24 90 55 32 37 81 50 56 72 28 71 52 59 66 33 27 2 27 97 5 57 27 75 49 24 20 90 28 45 19 93 53 60 41 100 82 84 46 78 64 38 4 15 21 29 82 31 54 92 50 79 12 51 38 28 49 61 67 95 72 13 15 43 24 57 56 68 18 40 51 54 6 27 50 74 36 42 20 37 44 80 52 18 61 37 92 23 87 38 40 10 87 82 84 70 86 19 50 43 7 28 58 6 55 87 38 50 9 46 94 30 39 78 23 58 33 57 62 6 59 95 59 77 16 75 55 66 65 23 49 79 33 43 52 89 94 91 75 2 13 
293
10 75 18 85 1 41 45 35 54 97 16 78 59 99 40 61 11 15 84 98 43 51 53 96 10 73 41 2 6 18 19 19 1 47 6 53 92 79 16 96 75 7 2 62 14 89 92 66 63 62 43 84 71 25 56 50 21 65 90 12 66 81 39 29 77 74 68 44 91 38 60 95 23 89 63 60 53 75 7 29 42 79 56 23 55 39 46 89 6 96 85 16 40 60 5 19 83 59 19 26 43 74 97 39 19 57 14 54 70 38 8 60 17 51 77 68 56 19 45 78 31 65 95 72 41 69 16 51 7 7 100 41 96 32 75 68 64 68 59 6 33 51 85 94 93 33 99 30 26 27 9 91 77 72 41 77 33 84 46 24 75 37 9 94 75 26 80 17 92 82 80 6 24 46 57 77 21 94 19 88 54 70 74 26 1 4 40 49 9 46 6 29 8 99 42 60 93 45 82 33 23 27 76 35 49 18 43 30 10 60 71 6 84 43 11 83 19 8 1 4 97 45 64 10 89 55 19 34 43 84 56 97 68 12 80 74 68 14 80 43 91 50 40 28 61 39 12 79 70 79 71 1 89 12 40 47 67 88 88 83 11 97 50 83 91 96 68 91 64 17 76 67 95 75 81 88 50 69 42 79 50 46 6 65 26 28 67 67 41 50 50 70 38 
211
1 2 3 4 5 6 7 8 9 10 11 12 13 14 15 16 17 18 19 20 21 22 23 24 25 26 27 28 29 30 31 32 33 34 35 36 37 38 39 40 41 42 43 44 45 46 47 48 49 50 51 52 53 54 55 56 57 58 59 60 61 62 63 64 65 66 67 68 69 70 71 72 73 74 75 76 77 78 79 80 81 82 83 84 85 86 87 88 89 90 91 92 93 94 95 96 97 98 99 100 101 102 103 104 105 106 105 104 103 102 101 100 99 98 97 96 95 94 93 92 91 90 89 88 87 86 85 84 83 82 81 80 79 78 77 76 75 74 73 72 71 70 69 68 67 66 65 64 63 62 61 60 59 58 57 56 55 54 53 52 51 50 49 48 47 46 45 44 43 42 41 40 39 38 37 36 35 34 33 32 31 30 29 28 27 26 25 24 23 22 21 20 19 18 17 16 15 14 13 12 11 10 9 8 7 6 5 4 3 2 1 
249
90 35 66 96 8 40 83 31 19 96 86 48 64 29 60 67 25 13 96 92 87 35 10 48 69 91 95 82 98 97 46 7 83 46 85 22 2 34 78 95 31 21 30 81 35 91 87 12 36 91 22 79 86 12 17 70 18 42 27 28 63 29 75 45 45 77 8 1 77 95 31 31 99 25 60 38 8 77 31 47 92 74 49 43 77 54 29 63 21 100 31 38 46 86 87 59 79 27 53 97 7 70 49 20 29 67 28 100 98 46 26 29 8 99 33 25 41 100 80 45 54 11 76 4 20 23 79 82 42 24 24 44 6 72 62 4 23 7 33 21 85 69 62 7 48 98 7 92 61 100 88 83 43 69 39 4 91 43 65 89 90 96 49 43 21 30 61 89 32 10 35 93 74 53 21 94 47 88 25 10 5 11 47 22 40 79 33 57 77 72 31 88 30 56 13 97 28 40 91 19 77 61 60 72 17 73 54 38 8 78 23 61 2 38 19 12 98 27 63 91 28 76 53 57 16 89 87 6 5 69 84 91 56 7 43 41 8 5 55 97 56 3 30 56 65 50 67 82 35 
319
18 92 69 61 3 4 74 68 53 86 55 69 21 36 58 74 11 2 98 94 14 32 58 22 72 77 84 6 11 70 43 36 80 68 97 94 84 66 87 4 95 71 4 51 68 3 45 42 39 57 6 93 22 80 32 40 99 38 27 98 28 30 23 93 81 42 66 88 33 21 13 67 83 74 87 39 30 91 1 19 58 17 98 8 91 53 80 38 15 57 54 23 84 64 3 26 80 90 80 31 90 74 47 32 17 65 13 68 60 29 64 71 86 27 74 57 93 44 56 48 41 62 53 8 54 93 12 43 61 50 98 63 48 54 75 64 24 22 80 78 81 48 78 40 89 29 48 21 55 60 52 30 27 28 83 85 37 42 30 52 89 50 72 76 28 8 58 90 88 22 85 43 89 97 16 86 62 17 64 83 12 39 4 29 71 43 81 37 83 5 24 52 16 85 16 74 10 39 69 31 39 67 38 80 4 87 42 54 89 8 27 11 24 47 67 70 3 21 23 28 79 75 79 3 63 97 38 10 36 47 22 53 90 1 80 38 23 19 4 73 18 17 94 19 98 65 41 55 38 32 64 29 66 13 100 49 27 9 88 15 54 46 35 95 64 91 46 29 29 78 93 52 63 44 75 52 34 60 25 24 53 90 33 45 4 98 89 46 51 47 9 33 61 60 92 60 88 71 77 93 98 69 97 49 22 69 48 69 68 59 48 45 20 58 86 4 97 32 97 
259
65 37 87 39 24 75 96 54 8 32 89 77 50 28 99 46 90 73 61 4 59 16 8 42 18 85 90 99 65 22 48 83 76 15 63 49 97 95 72 20 64 71 72 53 67 29 78 67 99 3 38 88 60 96 32 7 17 95 12 96 59 70 32 11 55 76 59 54 94 4 85 80 100 37 73 79 62 83 53 20 22 15 78 14 43 94 85 86 99 24 13 13 12 56 13 92 47 89 73 13 48 30 6 21 24 36 67 29 26 10 100 19 28 22 97 12 85 81 42 1 25 41 51 19 66 37 2 6 100 70 49 81 79 65 57 21 76 6 64 28 94 86 90 67 6 71 38 65 17 42 88 38 40 67 41 44 79 20 9 41 82 61 17 2 76 20 45 20 69 17 13 49 37 72 15 4 88 100 95 100 15 8 87 90 58 62 35 76 7 73 7 41 68 63 16 51 6 63 47 17 2 72 81 7 51 78 40 98 91 59 38 34 86 12 28 50 57 63 11 71 51 49 1 5 85 21 21 41 14 11 83 52 86 45 91 35 7 42 46 63 43 13 12 63 56 42 94 37 31 77 32 92 59 38 99 23 15 95 46 
283
1 2 3 4 5 6 7 8 9 10 11 12 13 14 15 16 17 18 19 20 21 22 23 24 25 26 27 28 29 30 31 32 33 34 35 36 37 38 39 40 41 42 43 44 45 46 47 48 49 50 51 52 53 54 55 56 57 58 59 60 61 62 63 64 65 66 67 68 69 70 71 72 73 74 75 76 77 78 79 80 81 82 83 84 85 86 87 88 89 90 91 92 93 94 95 96 97 98 99 100 101 102 103 104 105 106 107 108 109 110 111 112 113 114 115 116 117 118 119 120 121 122 123 124 125 126 127 128 129 130 131 132 133 134 135 136 137 138 139 140 141 142 141 140 139 138 137 136 135 134 133 132 131 130 129 128 127 126 125 124 123 122 121 120 119 118 117 116 115 114 113 112 111 110 109 108 107 106 105 104 103 102 101 100 99 98 97 96 95 94 93 92 91 90 89 88 87 86 85 84 83 82 81 80 79 78 77 76 75 74 73 72 71 70 69 68 67 66 65 64 63 62 61 60 59 58 57 56 55 54 53 52 51 50 49 48 47 46 45 44 43 42 41 40 39 38 37 36 35 34 33 32 31 30 29 28 27 26 25 24 23 22 21 20 19 18 17 16 15 14 13 12 11 10 9 8 7 6 5 4 3 2 1 
285
55 35 10 45 74 31 75 89 34 73 94 39 93 74 55 78 51 95 77 84 46 99 22 6 2 91 34 32 77 93 99 80 37 86 49 73 59 75 7 100 35 46 2 28 75 89 36 45 60 50 45 70 57 28 74 70 5 73 41 29 19 72 53 53 62 36 13 51 76 28 19 66 45 95 36 70 22 20 3 85 35 20 34 97 80 82 100 93 74 69 61 41 40 40 11 75 28 18 96 46 70 10 60 20 1 9 10 91 32 1 88 79 59 18 57 47 65 62 94 21 32 36 2 81 82 2 19 34 34 32 65 8 100 82 71 20 50 5 4 38 57 19 17 25 53 4 35 28 51 83 18 69 67 74 13 35 96 26 7 14 78 35 34 94 2 76 63 25 49 83 76 76 33 43 46 5 16 85 3 87 92 44 57 80 13 51 15 85 71 91 89 91 90 66 17 49 12 57 17 63 19 52 76 92 61 77 74 30 41 16 89 6 100 39 92 47 92 98 76 66 6 70 76 66 69 81 66 50 66 58 33 32 81 93 74 98 72 52 41 74 17 11 34 81 71 21 7 26 61 46 50 35 58 53 59 39 28 28 96 53 95 56 5 67 10 100 60 64 91 59 54 52 82 72 43 3 84 93 27 97 46 9 17 88 83 
466
30 39 39 57 71 87 83 33 27 32 33 95 91 53 67 6 93 99 33 94 95 34 6 5 70 42 10 70 5 47 95 40 82 47 61 74 11 65 31 81 11 39 30 78 41 60 59 100 66 99 28 3 29 35 27 34 68 32 48 98 73 59 93 90 24 63 72 54 69 95 92 96 4 21 39 20 37 18 36 74 31 42 20 30 44 39 98 82 58 66 49 53 80 96 80 57 46 46 99 37 57 48 29 51 35 4 64 12 44 2 52 80 63 18 1 73 37 24 42 81 18 67 79 38 8 77 45 86 56 27 58 7 73 58 9 55 68 30 96 3 78 91 70 43 93 74 4 80 34 62 25 33 2 21 5 22 13 24 70 15 93 90 46 35 1 72 50 60 47 72 84 98 18 86 22 64 43 64 72 5 53 100 2 68 6 82 9 60 12 12 92 95 97 62 92 9 52 34 88 72 1 86 48 77 4 67 52 3 80 43 20 4 79 68 82 69 49 98 60 27 85 41 65 100 24 55 6 53 54 67 50 92 41 48 45 79 81 61 61 75 36 95 9 53 4 7 64 39 66 50 75 41 9 33 69 91 73 29 44 43 70 66 14 26 27 44 75 99 91 4 67 82 91 95 3 2 99 73 77 26 10 100 15 23 71 8 36 97 8 88 72 24 64 88 99 41 91 7 94 99 17 76 28 53 73 64 77 93 2 79 53 21 37 72 35 26 57 73 90 57 12 86 21 12 49 25 1 50 4 81 1 41 33 37 1 24 90 25 52 11 33 42 32 29 44 77 16 64 24 73 91 27 19 72 100 3 48 15 35 76 96 69 34 52 14 46 2 64 51 62 97 50 92 45 74 37 69 11 44 27 82 21 25 38 68 42 15 23 25 49 65 23 3 8 66 53 89 73 40 2 25 97 11 79 30 15 65 60 82 11 48 76 38 66 50 100 20 61 17 99 90 43 25 39 35 59 10 37 56 31 59 64 54 98 56 89 29 85 91 26 3 29 61 19 94 15 20 96 83 59 65 83 95 94 57 81 41 38 74 4 32 65 88 76 99 33 
198
8 56 99 90 61 93 7 86 93 65 32 60 15 97 30 5 78 22 29 76 82 24 98 33 42 53 18 32 31 28 1 50 39 80 62 62 55 29 12 38 27 40 93 6 5 41 71 67 21 36 17 2 91 13 32 59 3 54 56 17 25 83 32 43 87 16 34 93 39 10 42 9 29 9 21 100 27 98 42 64 29 82 68 71 56 9 89 56 19 32 12 88 77 45 12 81 15 51 78 46 60 36 94 46 92 38 28 6 36 23 27 85 97 84 54 86 32 84 43 14 46 52 48 100 8 88 61 34 75 37 46 36 18 7 52 89 88 27 42 81 95 57 65 52 11 15 4 74 66 93 71 59 63 98 47 52 90 77 15 4 57 12 87 26 58 96 2 66 14 76 56 68 36 78 51 90 9 72 86 68 8 36 69 22 12 37 7 96 57 74 36 41 93 74 37 75 49 41 
117
2 12 77 25 37 82 77 52 56 76 1 50 68 82 14 74 87 97 40 33 58 25 68 38 6 71 44 93 27 92 46 78 26 9 58 48 47 81 53 62 25 96 28 98 41 58 49 60 29 22 35 75 49 50 90 13 56 11 67 54 67 1 8 58 48 31 26 69 29 30 95 20 89 46 93 96 33 27 8 51 97 16 80 97 78 72 75 78 86 77 41 2 69 77 63 16 85 73 46 89 81 98 30 62 78 67 9 42 64 25 96 4 43 90 49 1 48 
104
69 56 66 12 15 42 53 84 45 61 84 70 66 30 53 84 45 61 97 20 9 37 77 75 39 81 52 21 96 8 77 15 42 93 78 40 58 91 28 48 81 25 92 89 47 60 5 32 54 85 43 65 85 12 63 21 46 95 89 16 37 41 41 46 66 26 92 60 4 82 78 17 6 30 78 27 36 31 47 60 42 59 5 66 45 20 48 78 11 66 65 36 90 43 51 100 12 12 100 91 85 19 72 28 
140
73 93 74 50 31 52 46 83 9 30 5 42 40 41 41 66 67 61 73 29 34 13 6 25 60 30 50 2 60 54 64 58 57 30 30 54 23 70 52 54 93 64 61 73 48 58 46 33 1 56 16 19 74 10 3 94 10 90 34 59 56 39 75 50 58 65 15 44 78 3 60 82 47 51 57 3 77 88 87 38 53 76 7 13 87 12 66 3 59 94 79 12 16 18 66 1 71 25 44 59 94 86 55 100 59 84 83 91 50 2 17 97 39 76 66 24 33 97 83 27 4 94 30 27 43 51 16 55 24 30 73 1 6 9 93 25 21 71 14 9 
359
60 73 32 95 36 25 3 100 83 10 75 63 62 81 7 74 48 75 55 38 61 20 28 22 38 43 32 51 87 64 44 50 100 28 83 56 27 71 17 76 63 45 44 62 15 7 12 52 96 41 66 26 38 43 83 22 17 12 30 69 52 77 12 80 94 42 18 88 94 37 79 66 3 18 88 15 36 71 25 55 96 17 66 47 53 62 8 56 65 24 10 72 22 94 25 47 54 15 85 24 75 54 14 69 98 81 35 3 96 67 9 41 29 16 84 81 35 79 36 77 93 44 15 88 25 98 14 7 68 6 36 10 1 39 49 56 96 44 33 99 24 23 97 84 51 22 4 77 58 64 21 44 7 74 39 54 8 24 67 92 31 64 28 6 2 57 39 47 49 16 100 62 77 5 9 68 96 32 72 80 90 66 25 3 11 46 87 71 4 65 13 4 88 92 100 52 87 68 20 75 93 64 100 12 88 13 22 90 81 55 15 21 16 43 22 10 50 9 51 9 13 67 73 89 77 43 56 53 8 87 3 71 73 85 39 24 92 12 13 37 58 10 64 79 63 9 20 36 87 69 16 65 13 68 83 75 58 95 24 37 98 97 76 59 22 88 4 1 25 93 77 93 2 15 94 74 21 48 35 71 99 81 64 96 87 60 68 87 10 91 87 37 82 38 48 26 84 27 57 14 1 48 70 85 47 23 70 91 58 17 94 84 27 36 39 14 66 7 28 28 3 18 9 31 54 96 89 76 45 49 1 15 31 27 82 16 32 14 62 14 47 47 24 89 7 47 7 83 86 45 66 48 82 97 83 75 63 88 7 
361
1 2 3 4 5 6 7 8 9 10 11 12 13 14 15 16 17 18 19 20 21 22 23 24 25 26 27 28 29 30 31 32 33 34 35 36 37 38 39 40 41 42 43 44 45 46 47 48 49 50 51 52 53 54 55 56 57 58 59 60 61 62 63 64 65 66 67 68 69 70 71 72 73 74 75 76 77 78 79 80 81 82 83 84 85 86 87 88 89 90 91 92 93 94 95 96 97 98 99 100 101 102 103 104 105 106 107 108 109 110 111 112 113 114 115 116 117 118 119 120 121 122 123 124 125 126 127 128 129 130 131 132 133 134 135 136 137 138 139 140 141 142 143 144 145 146 147 148 149 150 151 152 153 154 155 156 157 158 159 160 161 162 163 164 165 166 167 168 169 170 171 172 173 174 175 176 177 178 179 180 181 180 179 178 177 176 175 174 173 172 171 170 169 168 167 166 165 164 163 162 161 160 159 158 157 156 155 154 153 152 151 150 149 148 147 146 145 144 143 142 141 140 139 138 137 136 135 134 133 132 131 130 129 128 127 126 125 124 123 122 121 120 119 118 117 116 115 114 113 112 111 110 109 108 107 106 105 104 103 102 101 100 99 98 97 96 95 94 93 92 91 90 89 88 87 86 85 84 83 82 81 80 79 78 77 76 75 74 73 72 71 70 69 68 67 66 65 64 63 62 61 60 59 58 57 56 55 54 53 52 51 50 49 48 47 46 45 44 43 42 41 40 39 38 37 36 35 34 33 32 31 30 29 28 27 26 25 24 23 22 21 20 19 18 17 16 15 14 13 12 11 10 9 8 7 6 5 4 3 2 1 
139
61 16 18 24 68 55 60 75 65 31 84 27 100 55 62 7 62 100 61 54 77 47 24 99 22 68 15 52 22 89 46 94 69 100 31 80 61 74 73 48 48 86 12 74 7 39 17 41 1 61 81 100 47 37 30 25 9 40 34 73 1 39 43 58 35 84 62 68 2 93 78 56 80 7 88 20 100 92 15 45 10 40 81 57 100 66 38 44 89 13 65 46 60 99 77 35 11 44 5 36 47 13 26 89 98 25 70 29 19 59 68 85 30 95 95 35 75 27 57 6 84 33 89 79 67 31 70 60 58 34 52 52 2 35 55 12 34 65 31 
372
79 62 22 64 99 30 17 23 74 13 94 38 62 6 35 28 45 13 52 18 52 85 92 87 65 60 81 54 9 1 12 5 63 48 83 71 83 18 65 85 31 61 36 79 23 34 91 98 2 55 59 16 79 10 82 32 99 66 42 59 96 26 39 55 32 22 32 69 61 21 10 18 96 52 5 92 85 24 16 39 17 25 34 35 98 88 57 70 73 5 42 58 85 28 53 68 99 85 32 39 31 25 64 29 95 20 26 81 47 70 72 90 69 72 30 12 38 17 99 6 50 12 47 91 39 68 11 78 44 96 84 32 17 71 15 16 100 44 95 47 58 97 75 80 44 92 96 59 52 40 51 29 54 32 99 88 9 64 20 5 83 24 67 61 22 8 39 6 25 47 12 20 13 6 37 100 51 2 48 46 26 57 25 13 75 4 36 97 33 6 47 80 80 45 25 53 81 1 20 55 87 51 75 28 13 74 44 92 49 26 25 35 26 68 37 28 26 79 2 58 21 39 13 34 57 86 83 22 62 62 85 66 27 44 75 9 35 22 77 45 93 79 67 71 68 81 58 51 60 48 65 57 31 14 55 12 83 60 46 73 93 62 44 62 51 70 17 84 99 75 37 83 63 42 9 77 41 99 9 44 78 75 98 9 73 43 46 97 19 2 19 23 57 9 6 32 81 16 100 93 8 19 2 42 1 13 22 24 10 39 73 76 84 61 63 50 30 12 48 50 92 75 36 86 63 95 67 77 25 53 73 43 6 1 16 74 7 59 38 98 93 53 30 48 39 76 55 22 91 18 66 59 18 32 74 51 1 14 82 2 21 35 27 98 76 7 26 93 94 33 44 10 
275
1 2 3 4 5 6 7 8 9 10 11 12 13 14 15 16 17 18 19 20 21 22 23 24 25 26 27 28 29 30 31 32 33 34 35 36 37 38 39 40 41 42 43 44 45 46 47 48 49 50 51 52 53 54 55 56 57 58 59 60 61 62 63 64 65 66 67 68 69 70 71 72 73 74 75 76 77 78 79 80 81 82 83 84 85 86 87 88 89 90 91 92 93 94 95 96 97 98 99 100 101 102 103 104 105 106 107 108 109 110 111 112 113 114 115 116 117 118 119 120 121 122 123 124 125 126 127 128 129 130 131 132 133 134 135 136 137 138 137 136 135 134 133 132 131 130 129 128 127 126 125 124 123 122 121 120 119 118 117 116 115 114 113 112 111 110 109 108 107 106 105 104 103 102 101 100 99 98 97 96 95 94 93 92 91 90 89 88 87 86 85 84 83 82 81 80 79 78 77 76 75 74 73 72 71 70 69 68 67 66 65 64 63 62 61 60 59 58 57 56 55 54 53 52 51 50 49 48 47 46 45 44 43 42 41 40 39 38 37 36 35 34 33 32 31 30 29 28 27 26 25 24 23 22 21 20 19 18 17 16 15 14 13 12 11 10 9 8 7 6 5 4 3 2 1 
301
65 16 58 68 51 18 44 15 18 84 92 67 89 40 24 82 94 3 34 37 15 21 59 75 64 5 60 34 1 73 75 18 85 73 68 55 60 95 56 69 16 70 5 32 10 96 1 46 64 28 61 18 86 89 11 33 51 24 40 49 99 6 24 10 18 11 25 90 44 14 77 53 73 54 70 47 62 55 91 54 14 8 6 81 57 69 34 40 9 98 7 25 78 78 49 66 1 56 38 71 11 67 91 57 62 1 71 49 8 11 2 64 3 33 44 76 64 33 48 33 20 84 81 44 14 42 9 30 56 19 7 47 41 85 61 75 41 98 64 66 36 66 59 25 77 67 13 24 54 26 9 5 41 97 22 48 33 91 50 78 54 40 36 62 25 42 22 79 69 71 36 84 43 65 64 28 89 49 21 41 56 82 42 51 9 47 64 23 85 33 35 34 5 27 56 76 96 16 28 43 90 6 75 25 54 43 68 45 62 1 7 4 23 97 27 79 74 32 28 15 72 72 24 83 88 7 66 58 51 84 29 60 48 29 10 92 41 58 4 73 15 24 49 48 60 67 68 53 86 42 23 49 86 68 9 42 67 2 63 26 10 42 37 43 17 38 13 73 43 83 55 50 43 87 4 44 85 60 4 87 15 66 80 65 10 84 88 23 31 51 41 35 53 100 28 26 9 25 29 77 77 
198
82 61 41 86 7 32 79 32 54 62 97 29 88 43 66 48 92 100 12 67 5 37 76 41 79 98 61 3 75 60 46 90 57 71 100 86 45 11 74 40 71 37 10 58 68 41 43 44 17 43 3 52 99 79 22 41 41 15 64 93 29 86 93 58 18 15 89 70 58 79 30 11 18 43 49 60 33 15 30 24 96 25 26 11 34 2 94 11 45 24 65 74 96 34 17 51 57 97 74 78 61 76 84 75 40 95 54 24 68 1 96 8 98 20 35 38 31 3 53 47 25 88 27 64 35 49 34 28 48 10 98 62 41 16 26 93 74 57 62 42 87 52 20 25 50 48 38 71 4 15 72 53 48 65 42 38 10 62 2 2 97 98 39 33 47 11 57 44 28 37 90 99 82 93 19 51 81 72 79 53 47 29 61 9 60 4 43 23 65 72 78 10 69 43 87 2 76 49 
240
67 84 59 17 94 46 57 7 45 7 54 58 42 43 24 19 74 29 55 62 82 18 88 61 49 15 55 57 59 46 10 33 2 43 23 73 66 10 59 38 73 23 28 18 40 21 70 7 71 20 32 79 4 72 79 16 36 70 99 91 58 75 22 43 41 10 7 54 50 100 11 78 29 67 5 92 49 52 18 28 54 49 96 91 99 28 43 17 10 73 1 89 15 56 78 78 4 6 25 71 90 74 23 88 6 11 95 14 94 76 74 15 57 59 80 2 62 78 18 98 22 4 7 31 81 47 61 23 75 73 75 95 57 10 3 3 73 65 39 40 43 95 60 6 29 27 6 75 78 76 49 69 19 97 83 49 63 53 65 20 23 60 83 13 77 44 77 2 77 88 87 29 45 29 50 69 53 15 56 9 17 72 53 56 13 56 27 95 82 83 42 42 29 66 10 78 75 2 64 87 43 79 54 10 21 47 90 44 35 39 75 54 74 82 88 6 50 41 85 81 56 71 68 66 86 65 43 68 73 86 63 10 99 58 81 57 53 90 39 61 
290
77 1 86 68 96 12 69 20 58 83 28 50 20 56 58 69 94 70 5 10 24 59 37 48 82 68 67 37 77 30 62 18 27 60 63 36 71 55 74 69 55 93 38 46 21 75 84 44 83 53 10 71 30 54 69 23 74 10 31 11 64 42 70 74 28 34 94 10 94 49 4 91 90 89 87 36 40 11 16 16 61 33 14 7 65 63 92 55 25 53 15 94 64 98 32 37 98 9 69 62 98 14 25 70 86 51 27 75 46 8 48 92 9 57 56 95 87 70 62 68 25 9 70 15 39 11 80 46 93 76 56 16 57 79 42 85 41 6 28 88 3 85 63 77 66 49 77 47 79 61 44 90 16 2 41 95 24 28 36 95 79 61 68 81 50 78 42 82 77 94 78 79 33 74 33 21 29 26 55 38 8 62 68 26 70 96 53 80 82 78 2 32 87 65 73 1 67 25 44 21 57 35 96 83 14 70 21 80 66 96 55 13 74 66 6 89 67 52 46 16 13 57 84 15 85 26 99 97 87 54 93 90 71 24 49 20 29 32 62 32 91 62 2 95 83 3 17 17 32 90 30 73 4 60 51 94 27 51 65 70 87 85 81 72 50 31 65 64 66 20 67 35 46 33 66 6 11 31 63 60 78 95 23 18 40 69 42 59 65 58 
108
20 87 38 99 28 95 86 15 92 83 85 60 3 40 24 11 65 44 66 83 17 72 18 41 71 4 2 18 19 21 97 94 23 60 19 26 64 40 39 13 63 39 32 31 23 94 66 96 23 66 23 48 38 43 20 24 10 86 43 21 17 6 23 80 8 34 14 77 11 24 78 37 94 51 58 70 35 48 58 11 65 6 41 93 44 80 26 28 43 51 3 54 71 81 65 90 39 60 3 50 12 14 27 38 86 98 24 73 
111
1 2 3 4 5 6 7 8 9 10 11 12 13 14 15 16 17 18 19 20 21 22 23 24 25 26 27 28 29 30 31 32 33 34 35 36 37 38 39 40 41 42 43 44 45 46 47 48 49 50 51 52 53 54 55 56 55 54 53 52 51 50 49 48 47 46 45 44 43 42 41 40 39 38 37 36 35 34 33 32 31 30 29 28 27 26 25 24 23 22 21 20 19 18 17 16 15 14 13 12 11 10 9 8 7 6 5 4 3 2 1 
397
23 47 25 82 88 36 67 62 98 85 51 55 40 87 49 31 90 41 19 59 53 53 3 71 71 96 71 25 53 34 50 95 7 78 66 26 71 42 87 51 76 4 23 66 29 96 17 88 68 92 28 55 53 97 49 68 77 49 80 9 62 10 10 1 83 85 75 78 81 43 62 76 16 80 97 29 45 30 90 66 83 51 12 14 15 68 94 76 56 24 48 39 4 87 41 65 3 49 31 28 16 39 62 15 63 73 74 100 20 57 78 44 47 69 44 60 32 41 17 14 2 85 88 22 68 91 11 56 35 41 96 75 47 41 2 16 6 51 36 85 62 53 9 54 3 68 82 58 92 14 41 59 14 85 48 8 41 56 46 48 89 35 43 6 80 10 86 18 16 94 11 49 13 7 27 28 80 19 82 16 21 8 11 78 14 94 30 63 91 37 89 69 80 89 40 27 43 52 84 63 57 40 30 30 75 81 46 14 65 69 2 53 99 38 24 33 69 57 71 86 18 17 95 47 79 44 66 43 53 22 31 40 82 99 38 84 2 92 21 66 51 34 15 57 26 100 52 45 64 18 25 51 61 99 27 20 43 80 27 35 25 95 77 17 3 93 24 57 69 83 40 66 15 27 65 56 62 61 87 80 15 65 74 21 84 79 61 84 43 73 11 50 41 16 24 28 36 22 44 26 95 19 60 21 35 99 61 98 28 96 95 51 68 74 90 48 93 25 1 79 52 54 63 77 69 49 11 44 94 90 77 31 97 87 75 73 35 88 91 60 20 85 65 62 28 47 77 37 85 17 23 67 80 38 94 69 88 24 66 72 17 81 26 43 78 6 10 76 83 90 56 76 77 16 17 49 80 74 4 53 62 75 73 25 69 14 57 27 62 59 26 62 12 52 13 61 26 
322
82 94 95 18 2 19 42 28 25 44 71 68 83 24 93 38 93 5 39 51 35 91 7 1 92 71 60 42 90 41 30 44 35 58 20 70 86 6 77 2 51 28 72 55 65 99 27 34 33 59 75 29 70 75 21 34 11 24 99 62 35 3 14 36 61 54 54 4 84 21 8 99 70 64 82 1 53 83 31 13 73 86 76 3 89 47 22 64 44 36 68 6 6 59 93 10 68 13 50 43 74 51 28 57 77 62 37 30 68 32 45 81 77 69 78 49 34 56 69 36 67 22 5 26 70 73 59 91 89 24 67 39 47 24 76 72 46 97 42 58 68 85 79 2 75 77 75 37 80 66 10 41 68 38 41 93 14 82 48 74 89 90 30 12 23 54 62 12 49 86 49 40 24 71 27 85 51 67 24 63 77 2 69 54 44 98 96 55 23 63 18 37 11 13 100 45 95 94 50 24 69 38 63 16 53 72 90 58 65 16 10 47 73 9 95 74 75 100 83 82 96 22 51 82 24 100 55 98 94 19 63 95 55 35 19 57 69 68 59 31 97 93 52 90 88 11 81 13 9 80 77 48 49 86 6 26 94 83 97 56 50 58 83 35 61 55 79 97 3 68 82 17 99 82 56 79 70 4 12 96 96 87 21 10 52 17 79 86 13 25 93 74 36 86 9 35 20 59 61 80 84 54 26 49 70 51 27 61 64 60 98 48 27 73 43 48 20 83 65 100 83 5 
336
30 25 48 4 57 88 94 43 90 66 64 65 64 84 64 32 5 34 97 68 89 34 99 7 97 15 89 57 14 22 70 26 80 33 91 3 18 3 1 100 25 6 22 27 63 37 88 96 9 65 92 73 22 69 78 83 45 55 94 40 2 98 13 32 89 12 3 39 65 35 61 56 68 37 24 94 76 35 91 64 37 48 91 41 42 40 26 44 46 18 33 1 52 9 17 91 38 30 44 62 26 53 60 30 80 79 66 5 90 94 17 31 73 99 70 74 70 8 85 27 92 81 36 10 6 43 54 52 36 26 6 100 8 3 34 38 52 52 17 45 5 88 32 4 3 97 26 97 73 63 33 2 6 77 63 74 13 84 10 97 70 72 30 63 76 12 86 54 67 25 16 30 49 99 98 28 50 52 78 23 76 40 26 22 78 33 94 41 23 75 67 80 100 94 11 44 14 29 85 61 46 41 89 3 14 45 98 90 16 49 78 45 47 41 73 49 53 8 65 3 11 7 40 65 89 20 6 30 54 58 81 30 74 79 30 89 97 24 85 21 37 59 16 99 43 96 70 8 53 56 95 100 12 43 10 79 71 66 66 94 35 32 59 26 17 11 56 52 96 27 88 18 27 81 29 30 62 47 8 24 60 50 52 84 42 48 78 5 2 69 23 96 37 62 91 6 42 79 21 39 99 91 49 16 96 15 26 73 71 70 41 59 4 30 93 57 53 53 84 72 40 47 79 85 70 45 44 29 60 43 71 68 39 46 93 44 
169
1 2 3 4 5 6 7 8 9 10 11 12 13 14 15 16 17 18 19 20 21 22 23 24 25 26 27 28 29 30 31 32 33 34 35 36 37 38 39 40 41 42 43 44 45 46 47 48 49 50 51 52 53 54 55 56 57 58 59 60 61 62 63 64 65 66 67 68 69 70 71 72 73 74 75 76 77 78 79 80 81 82 83 84 85 84 83 82 81 80 79 78 77 76 75 74 73 72 71 70 69 68 67 66 65 64 63 62 61 60 59 58 57 56 55 54 53 52 51 50 49 48 47 46 45 44 43 42 41 40 39 38 37 36 35 34 33 32 31 30 29 28 27 26 25 24 23 22 21 20 19 18 17 16 15 14 13 12 11 10 9 8 7 6 5 4 3 2 1 
210
94 20 47 73 72 84 46 30 6 17 40 5 57 83 25 68 44 42 3 1 61 5 69 40 44 88 99 36 94 14 77 65 78 78 74 61 23 36 6 82 81 62 28 48 20 74 99 96 97 43 85 1 89 18 72 68 52 75 54 67 25 86 76 32 28 7 83 6 90 59 28 74 4 95 96 1 40 21 50 68 87 65 3 21 30 25 38 53 58 77 89 90 33 39 50 11 9 71 63 34 22 13 45 88 97 14 98 94 4 60 74 99 10 18 62 71 37 18 99 58 84 16 35 83 17 98 61 73 18 4 16 35 84 66 47 34 99 13 64 42 74 13 73 54 17 51 26 93 75 93 28 27 18 80 94 81 53 21 38 89 36 75 98 55 65 45 59 83 73 63 66 16 54 50 85 69 33 99 73 52 80 99 35 31 49 12 17 16 12 2 89 36 99 24 57 77 84 58 69 38 38 16 78 19 90 63 88 69 19 83 
187
17 9 44 31 70 55 84 43 21 38 18 71 93 60 75 95 94 64 96 86 82 11 65 78 91 17 51 32 43 59 14 58 20 4 38 71 20 25 92 15 81 83 99 6 52 69 94 45 82 82 79 55 100 70 8 58 33 9 34 43 87 47 40 11 23 36 22 51 62 49 97 50 36 42 69 56 87 3 18 60 88 16 100 25 11 6 6 20 51 75 77 91 50 37 24 47 1 26 96 78 56 44 64 30 23 68 2 92 35 11 41 25 94 5 90 66 83 20 27 78 40 27 48 4 8 32 4 7 67 48 86 48 10 27 73 97 34 90 50 8 73 31 77 42 41 5 42 23 40 73 54 89 74 90 92 53 28 33 44 14 75 13 20 81 8 29 9 59 4 66 85 99 42 97 37 40 85 63 55 98 43 11 57 71 78 61 78 
537
75 47 5 22 41 11 34 62 99 19 94 27 5 97 88 68 48 10 66 24 64 35 100 38 82 94 32 49 28 46 31 81 72 19 14 13 72 74 56 27 49 51 20 40 22 60 9 44 7 89 17 59 74 13 29 25 36 20 46 19 99 66 78 28 17 75 6 86 3 3 77 81 55 67 82 45 73 48 57 14 33 14 76 16 41 42 12 33 56 91 81 84 30 81 84 29 87 53 73 77 17 30 97 53 15 36 39 63 70 5 14 57 86 54 45 28 19 21 44 45 21 68 3 42 59 91 93 58 62 96 4 62 97 84 79 86 68 70 25 34 39 29 37 83 22 51 98 80 48 96 16 11 36 21 36 38 41 37 30 93 95 99 35 82 54 66 53 34 11 72 66 18 94 24 89 81 69 53 71 88 59 36 46 9 43 85 73 53 58 33 26 76 8 59 90 86 53 5 64 43 67 64 40 8 2 89 87 98 92 73 88 76 13 96 8 99 45 39 82 59 28 26 90 70 86 44 20 64 61 53 56 2 15 79 18 72 1 42 92 63 51 76 79 10 83 29 9 52 81 36 99 32 9 99 43 11 22 43 81 91 44 48 71 24 74 25 69 10 85 39 42 18 96 88 1 55 50 62 34 50 34 98 73 30 44 65 69 89 36 93 29 64 16 41 72 5 92 11 44 2 96 22 25 57 57 56 77 99 52 32 48 69 98 97 34 78 46 36 77 44 42 18 57 92 61 91 69 49 34 84 38 73 10 86 11 43 99 98 61 67 95 3 80 20 23 15 31 17 74 84 42 46 78 1 49 23 51 5 14 32 22 51 59 30 1 9 44 26 71 23 15 21 46 5 27 98 65 85 34 89 44 93 64 23 91 33 76 49 4 73 68 1 80 75 37 94 46 3 85 27 11 75 41 47 99 90 77 22 33 40 94 3 75 8 55 7 64 67 75 79 58 82 52 24 62 40 12 88 89 9 11 47 50 86 8 13 7 37 19 77 15 38 5 47 78 77 77 89 86 94 76 51 80 50 17 66 94 57 70 42 14 5 65 72 51 1 69 94 83 37 93 58 5 71 52 2 83 41 96 84 74 74 5 47 53 85 83 55 29 11 85 69 43 18 88 90 55 33 13 82 14 89 78 22 1 63 41 45 76 75 52 33 22 40 24 64 34 29 58 34 4 6 77 10 17 48 12 87 28 18 94 94 17 19 7 3 59 
605
100 24 30 96 87 35 98 69 97 83 95 4 28 42 25 25 51 31 93 59 44 13 42 17 7 37 9 2 40 87 95 67 55 26 60 51 89 89 56 96 25 98 55 81 24 94 68 9 22 3 96 60 17 15 51 77 21 100 94 77 40 82 18 92 94 20 39 42 68 47 44 65 80 97 77 62 61 30 81 1 21 97 18 49 55 46 27 97 90 90 59 36 23 45 39 39 4 99 29 19 78 19 89 92 40 80 54 79 81 7 88 36 99 95 86 33 29 46 61 81 66 43 78 32 56 79 72 32 25 27 31 73 21 24 8 93 49 24 76 29 91 38 23 70 37 43 14 12 50 1 64 25 68 81 20 22 64 20 50 30 82 27 54 45 18 9 73 68 56 90 68 58 28 82 34 53 12 44 83 33 23 80 51 42 21 3 50 27 45 75 41 66 83 26 39 42 59 16 41 68 96 6 95 4 4 47 19 56 1 35 66 27 14 12 98 98 71 82 62 66 65 73 62 15 84 67 22 65 15 30 99 8 87 33 57 59 63 56 34 78 75 20 10 89 2 72 15 45 10 23 85 86 46 76 54 38 96 65 80 34 82 14 28 70 47 72 87 94 38 10 95 29 71 97 79 40 15 71 47 95 68 74 14 96 14 99 41 29 21 6 78 77 72 60 3 23 59 3 21 77 71 41 42 21 75 89 71 66 66 15 93 78 84 17 94 59 68 85 69 39 1 62 64 39 24 38 66 26 86 15 66 74 28 100 55 88 8 18 46 60 49 17 57 23 68 100 80 70 88 93 97 50 17 63 11 22 44 70 67 55 25 25 16 46 48 21 74 33 67 85 72 54 98 56 69 60 69 74 89 36 74 78 24 29 76 45 91 98 65 45 50 23 41 84 64 98 58 53 32 41 32 36 63 77 67 54 99 95 70 49 65 12 8 1 26 47 39 35 2 57 14 50 94 60 80 29 81 93 36 20 49 16 22 79 71 53 82 31 99 92 36 29 79 66 36 19 64 72 29 23 56 89 99 57 13 72 24 91 68 42 26 89 65 8 9 70 25 30 83 75 88 91 27 81 74 75 20 55 29 47 99 55 80 78 41 25 12 74 41 54 78 89 62 30 81 31 96 19 8 90 69 77 80 47 31 8 68 91 41 14 37 62 44 83 79 15 86 94 82 22 86 66 11 13 36 71 52 83 93 11 97 94 17 79 93 13 74 6 31 61 64 3 70 89 31 15 30 34 35 24 53 69 39 37 80 42 70 57 48 91 52 75 50 97 14 58 96 29 64 50 53 55 32 25 67 70 30 44 42 10 32 20 68 19 83 69 4 7 72 11 76 1 48 76 28 35 65 91 88 89 40 25 16 10 3 
850
44 76 25 95 71 84 70 99 65 17 78 90 18 75 96 98 12 55 40 14 2 94 100 94 22 14 85 88 17 74 95 44 85 14 16 1 95 68 44 30 3 30 1 86 22 56 84 54 26 88 39 85 100 97 17 22 25 45 62 8 39 45 73 16 95 31 82 11 70 79 56 35 89 24 92 98 81 68 25 79 33 8 75 15 3 76 61 73 18 77 9 91 84 16 34 38 77 12 37 34 11 66 39 38 82 8 74 33 82 64 50 44 73 12 10 94 1 85 48 93 16 22 94 21 95 88 13 14 37 54 70 24 23 88 74 17 85 90 81 10 94 58 94 46 84 67 85 43 9 6 27 76 49 21 58 79 96 21 81 6 51 39 95 36 72 96 53 31 73 38 3 65 65 9 61 78 20 71 80 44 92 85 82 49 87 51 13 23 67 67 99 43 9 6 49 87 27 28 74 80 90 36 21 70 95 26 52 21 43 98 11 86 96 2 17 60 23 5 30 31 24 31 31 82 84 55 48 18 79 69 58 90 27 51 58 60 38 20 76 83 71 51 92 58 95 67 71 78 77 75 25 73 77 83 28 34 82 95 47 5 61 80 29 44 84 74 33 81 8 93 22 75 30 34 87 99 28 74 26 93 95 27 41 58 84 75 30 3 70 3 49 32 12 62 1 23 67 99 18 10 10 41 99 74 52 49 11 44 43 8 25 59 65 100 47 3 63 36 55 27 10 46 2 81 65 43 84 38 44 14 83 76 91 65 10 85 80 58 37 75 61 40 18 75 8 18 52 74 75 19 87 6 69 12 43 10 90 63 35 55 51 24 22 63 38 35 21 92 31 11 47 93 77 20 77 44 94 71 97 83 38 99 75 47 81 11 14 65 77 88 93 92 81 67 100 7 52 24 60 78 75 86 2 31 3 95 82 34 83 40 7 9 87 44 88 59 69 28 34 21 92 44 67 50 37 19 32 28 53 11 93 20 94 2 71 72 26 50 37 38 69 89 94 28 30 29 70 15 9 57 71 70 63 53 90 47 64 96 93 16 99 15 95 96 24 69 41 85 59 90 47 24 91 35 79 63 99 83 37 10 14 36 38 2 16 40 43 85 59 48 95 11 17 23 18 82 73 41 84 66 77 40 81 9 4 87 53 93 59 78 60 48 21 80 35 82 13 77 32 46 12 52 59 84 10 19 62 25 19 22 62 45 90 36 60 89 3 89 23 23 93 86 60 25 6 61 85 92 7 26 21 73 69 95 47 38 39 43 45 71 6 95 7 57 95 79 47 7 57 43 30 36 32 85 56 78 2 25 72 33 76 78 88 14 99 46 32 74 54 44 77 97 67 82 41 32 41 96 10 14 89 25 18 65 28 77 62 3 98 26 27 92 15 84 9 32 72 33 47 78 91 42 68 59 47 93 9 2 83 88 78 2 99 36 45 57 40 36 24 95 49 11 57 88 40 20 19 13 69 100 85 29 15 20 93 2 98 36 16 85 24 29 36 82 43 66 50 49 81 28 12 61 93 19 27 7 64 97 26 7 97 64 10 10 84 83 17 17 41 92 11 48 39 40 77 90 21 55 73 58 27 40 28 76 80 79 8 77 4 60 49 86 78 84 27 46 26 89 99 16 19 16 75 41 70 73 32 19 4 21 14 56 64 52 23 70 31 66 5 20 91 7 4 32 70 62 57 44 3 13 5 23 49 99 35 80 11 51 98 10 20 59 57 50 14 66 4 55 35 50 17 78 58 50 3 10 46 12 23 90 24 9 15 1 38 67 35 67 18 61 26 46 85 70 19 4 41 22 91 5 66 52 27 82 32 69 4 99 43 85 13 97 4 7 23 95 80 42 51 23 12 33 13 10 3 6 76 43 10 27 4 93 13 33 5 13 12 39 16 65 91 43 31 99 94 5 12 96 1 47 
690
79 60 88 37 34 27 32 99 69 43 53 12 1 56 12 97 12 30 26 11 36 66 42 29 86 30 4 57 17 69 55 30 89 42 19 41 79 98 28 58 77 71 12 68 59 35 11 22 4 50 72 97 32 32 38 6 91 24 100 56 46 21 25 27 36 68 22 3 13 69 16 2 93 59 20 100 81 68 31 2 45 85 76 14 87 74 11 79 86 1 59 18 95 42 48 61 52 47 87 96 47 83 94 1 55 55 64 42 58 20 26 69 33 24 97 35 48 28 38 89 35 55 69 72 84 37 55 57 65 85 13 11 62 57 27 48 81 47 2 21 67 71 40 63 8 83 6 98 10 69 32 85 74 76 43 73 24 68 47 6 4 70 18 83 33 76 58 44 28 71 22 14 10 80 36 25 83 48 71 21 2 56 17 18 60 38 77 40 11 36 67 47 12 36 48 71 79 18 54 55 3 82 80 78 18 45 30 40 44 44 35 71 41 15 75 1 86 47 91 34 12 14 41 72 73 80 33 15 16 96 70 75 63 24 31 31 75 74 2 42 67 8 22 64 81 89 13 49 66 39 66 84 96 14 38 67 5 57 58 89 54 68 53 80 6 21 7 38 9 63 4 1 94 85 27 50 17 43 1 52 82 14 44 79 91 24 75 46 35 7 54 95 48 14 49 33 45 21 81 91 67 14 75 45 19 49 85 94 75 74 92 98 42 83 83 18 72 27 37 39 40 98 13 80 100 62 8 28 78 59 7 21 63 11 73 45 80 44 61 33 92 71 5 3 29 69 97 35 63 68 90 52 2 32 56 82 24 33 47 27 67 74 57 63 70 95 50 97 99 67 71 47 27 40 34 84 25 89 25 71 58 27 75 35 26 14 18 14 67 39 26 2 25 50 56 36 58 57 40 26 48 54 57 87 3 62 57 90 24 39 48 64 81 53 96 1 23 77 91 3 77 61 60 73 82 52 67 98 45 36 77 43 69 58 62 70 91 75 10 48 18 78 29 98 79 36 61 2 29 91 12 51 40 53 60 46 27 38 95 72 36 70 68 16 82 74 84 80 29 24 91 61 100 82 83 69 87 38 31 15 88 10 12 100 68 16 27 90 82 43 52 38 49 73 36 70 68 56 9 8 69 39 74 82 41 35 58 31 31 46 84 25 78 16 44 72 26 71 33 76 95 53 10 39 8 80 38 95 62 27 79 93 48 28 30 1 87 26 87 19 58 31 36 48 59 97 79 12 87 90 15 46 71 59 43 95 62 36 14 28 17 32 31 2 64 17 3 18 95 18 25 51 79 93 37 97 10 58 2 68 47 99 49 15 87 65 29 82 34 92 12 54 46 16 55 9 73 8 93 25 49 85 67 85 23 32 63 17 98 15 6 13 26 24 66 81 53 68 79 60 42 9 49 31 44 20 63 8 95 22 26 26 58 36 57 16 48 55 95 82 1 9 65 67 31 50 65 36 3 40 28 2 91 49 94 80 78 97 44 52 34 6 22 29 5 66 14 36 19 79 28 54 46 36 66 89 48 2 45 66 56 12 96 4 28 20 97 74 84 5 
598
22 52 62 49 30 27 66 8 20 61 80 94 49 43 11 19 91 52 17 71 53 98 4 5 96 40 46 20 64 70 76 32 16 94 43 82 27 53 100 49 68 14 91 49 82 15 75 35 46 79 15 69 41 90 80 22 15 49 25 73 89 26 22 25 30 83 29 12 35 100 57 94 81 82 1 78 39 51 66 23 97 2 30 66 42 97 15 97 54 91 50 33 45 87 83 73 77 28 67 27 99 91 53 93 16 79 22 62 14 69 44 65 4 24 45 53 17 44 14 89 97 78 48 39 17 13 49 50 8 8 40 84 83 78 50 37 54 18 40 84 30 89 44 10 46 79 50 79 22 45 81 93 41 54 73 60 97 19 44 10 70 2 58 56 11 33 39 56 79 56 52 51 47 51 22 72 98 87 40 41 36 60 68 14 16 35 72 27 35 27 11 19 82 56 8 47 84 30 5 25 11 7 2 40 64 60 23 37 49 46 73 58 24 8 96 6 20 27 38 63 75 3 45 12 85 57 60 44 14 50 18 82 53 89 24 70 9 40 42 42 39 90 35 11 84 69 10 14 78 43 57 76 32 78 67 24 56 73 23 62 48 42 96 91 69 87 66 68 68 12 51 68 32 8 52 29 55 90 87 48 47 31 8 49 85 59 33 93 42 37 30 12 7 82 69 46 52 87 37 76 63 78 80 3 97 45 34 93 64 97 66 88 23 28 32 5 69 84 9 76 82 64 43 99 87 13 14 18 97 82 75 56 49 12 60 72 74 63 26 36 25 54 53 27 21 4 94 5 1 41 53 27 31 90 12 23 35 36 10 62 99 5 39 14 2 82 58 86 4 71 22 6 54 53 83 67 85 93 17 74 94 56 49 54 5 95 1 60 49 85 53 42 18 32 3 31 62 34 49 19 67 61 60 64 56 82 60 5 35 6 61 47 31 98 1 93 64 91 84 79 80 65 53 51 63 38 11 43 77 83 53 87 49 35 24 32 37 89 36 91 25 65 83 63 80 28 67 73 96 11 22 50 86 30 77 41 52 3 33 2 31 75 76 56 41 96 13 49 43 86 13 48 33 89 53 53 13 91 87 64 42 23 31 80 75 52 46 51 65 6 84 44 60 83 26 73 38 41 94 97 69 32 28 91 6 21 63 16 19 35 34 44 23 96 93 2 67 68 4 43 62 9 42 19 92 33 84 36 39 11 77 90 26 75 1 80 62 51 98 32 64 68 94 48 26 14 86 3 35 93 66 27 5 23 4 68 46 2 90 29 30 91 79 11 43 97 99 35 96 44 91 20 68 94 98 36 29 72 2 71 52 95 18 19 68 98 79 71 36 26 73 17 39 59 28 43 25 44 
663
78 37 81 58 58 4 82 2 19 68 99 99 94 39 89 78 53 93 36 32 90 78 48 10 7 50 74 36 94 13 68 48 6 94 68 15 72 65 31 52 85 9 91 15 13 70 51 70 41 88 5 83 10 59 57 87 28 45 82 91 51 51 33 16 14 51 38 42 78 33 60 74 28 79 27 39 99 29 63 66 5 92 51 39 17 66 26 77 94 66 72 66 58 64 23 97 60 59 99 13 81 53 67 79 94 74 16 58 22 17 66 95 67 6 33 63 87 75 20 34 10 16 70 73 98 87 25 74 76 7 48 44 94 11 1 31 43 38 20 37 36 27 12 17 16 56 5 54 14 60 66 71 6 7 78 48 70 59 37 83 22 58 100 52 59 3 78 73 100 97 29 65 50 34 50 94 35 92 53 62 52 94 21 66 26 37 57 85 33 51 76 80 57 42 64 33 50 2 92 27 96 3 80 52 42 24 13 72 65 59 96 8 68 46 92 21 97 14 10 35 55 94 37 96 43 49 85 9 66 7 67 32 2 32 16 71 5 47 87 68 20 90 98 34 40 18 8 67 60 12 57 30 59 3 60 34 54 30 41 35 82 99 96 89 45 28 56 7 53 43 71 40 43 86 63 68 67 9 71 71 22 96 40 92 29 2 68 37 87 16 1 92 77 62 59 30 10 12 48 56 60 27 1 22 42 26 53 71 96 17 51 8 52 58 34 4 34 97 97 91 63 45 44 37 45 1 94 64 25 18 89 26 49 64 37 86 13 95 21 83 90 28 14 26 13 87 44 8 16 72 90 95 96 88 68 63 23 45 19 79 58 77 62 78 96 17 13 25 36 38 94 88 85 75 34 66 91 61 55 90 47 24 81 31 22 23 99 67 51 70 85 48 93 30 49 57 72 88 16 83 1 29 39 55 6 55 25 3 35 65 93 51 69 2 10 67 100 86 3 58 78 54 82 41 98 16 46 30 79 32 25 20 22 96 58 50 79 79 24 82 97 19 67 35 82 15 67 73 40 76 51 41 58 73 71 48 54 36 30 38 73 26 38 46 13 82 92 63 32 41 93 11 58 63 70 4 37 37 64 8 75 84 61 3 43 68 82 100 42 2 64 83 70 11 42 1 37 81 62 36 5 53 71 38 90 37 10 44 55 58 29 89 50 80 39 33 26 97 18 91 9 55 31 98 61 8 21 25 54 39 65 39 61 11 51 38 13 32 44 81 22 42 58 25 24 12 33 94 40 69 5 70 92 32 15 28 87 27 22 31 8 26 62 3 100 95 29 31 82 34 38 63 86 72 10 22 61 46 51 89 4 98 89 39 73 87 71 68 4 5 55 36 7 88 30 99 93 46 42 73 41 29 21 39 51 92 3 76 59 9 20 68 64 80 27 40 31 85 7 95 3 9 60 92 2 39 8 65 32 28 23 38 72 39 20 73 54 99 77 50 5 17 90 5 17 96 79 37 3 29 63 22 78 49 54 74 57 91 33 40 21 8 62 
956
23 53 85 81 63 24 67 1 31 18 32 13 56 19 20 39 99 90 10 47 96 48 91 24 34 72 70 64 89 55 8 78 48 13 93 82 71 38 9 39 58 39 38 94 29 98 1 26 41 46 37 78 54 90 79 91 4 77 36 93 66 81 34 84 28 79 21 27 18 76 40 38 13 91 27 6 90 77 17 24 54 16 80 95 14 53 18 37 35 29 91 47 97 35 18 7 48 12 99 18 28 33 32 86 15 15 18 69 35 6 85 14 1 8 33 45 47 85 41 80 8 62 14 95 14 99 73 71 94 36 77 90 53 39 48 6 4 97 90 11 69 43 55 73 19 30 97 85 55 54 56 80 7 61 12 72 43 66 27 47 16 50 65 100 47 38 34 14 29 65 92 10 89 87 77 81 7 83 72 76 40 93 21 6 51 23 73 79 30 90 81 87 6 40 52 69 59 65 2 97 56 58 31 30 49 57 52 41 95 42 29 21 54 54 3 6 49 81 60 67 36 12 60 54 52 94 35 28 65 87 31 57 88 14 12 66 88 62 93 66 52 27 43 81 43 45 14 96 41 100 3 73 20 97 1 99 88 23 23 91 63 10 12 60 52 98 38 80 49 10 47 12 35 53 84 84 95 66 25 92 88 18 5 57 95 48 47 60 49 6 88 80 46 61 3 8 35 9 21 3 41 44 26 52 90 13 57 39 76 48 52 58 83 36 51 37 36 58 73 4 5 10 66 69 24 2 2 13 14 39 79 50 100 92 12 97 91 3 47 4 88 76 28 95 34 63 21 96 79 37 24 98 5 27 84 73 32 48 82 52 88 50 61 66 49 77 74 71 33 46 29 99 92 35 14 69 58 72 78 17 98 92 85 8 73 3 69 30 58 91 30 7 94 17 40 51 100 37 58 53 58 6 85 61 87 81 47 96 7 57 95 81 89 5 37 49 98 76 58 60 2 72 40 17 86 38 13 1 83 25 89 2 80 35 45 6 47 94 28 25 22 39 63 8 70 76 36 19 15 9 100 42 29 92 36 59 76 53 9 30 36 89 23 97 11 42 41 74 73 33 27 11 30 100 14 64 19 7 23 91 14 45 19 45 74 56 74 90 18 76 33 31 9 91 21 37 1 30 100 42 41 71 6 84 53 30 13 4 86 17 53 39 68 12 96 75 38 8 52 9 16 84 19 15 90 86 96 38 4 69 34 76 28 100 9 79 31 97 6 80 89 34 12 44 20 46 94 60 50 91 17 17 7 89 55 75 7 30 98 69 68 48 46 69 91 83 83 68 92 93 24 77 37 2 65 32 85 43 20 68 97 50 20 23 42 90 71 95 86 54 58 73 16 54 78 82 56 100 39 82 90 26 30 47 64 78 44 47 44 47 20 90 21 97 21 34 35 1 22 31 45 59 80 15 17 78 93 54 51 99 65 17 10 91 82 41 42 5 3 44 8 61 45 15 52 86 46 98 8 25 92 10 35 58 37 57 85 49 15 9 27 39 58 67 19 88 91 37 55 53 7 4 89 16 44 56 100 63 64 62 59 76 85 44 99 12 38 5 43 2 21 14 14 52 50 30 4 30 18 81 39 99 63 40 1 69 13 82 73 81 94 42 80 78 36 60 55 42 17 93 74 9 84 42 44 91 91 82 77 13 18 29 30 85 23 80 8 96 29 29 56 19 22 7 97 6 19 56 82 91 46 72 36 12 51 41 48 8 74 10 22 64 93 29 95 97 69 62 49 29 71 86 54 98 35 95 36 75 62 37 85 92 68 7 53 49 25 55 57 81 45 1 25 77 21 60 75 81 39 26 92 58 48 65 85 31 35 80 82 3 86 7 1 67 13 84 11 46 39 22 13 30 61 77 65 66 47 22 83 4 80 81 89 24 74 30 6 18 49 81 73 78 7 40 4 5 99 37 66 63 4 69 89 48 72 80 60 9 85 8 48 81 10 87 79 28 20 26 35 44 88 92 88 74 3 25 20 55 70 45 2 32 7 77 57 67 61 97 81 17 43 32 75 38 82 58 79 22 34 74 69 64 82 74 100 45 10 31 88 74 92 79 46 39 82 72 15 84 59 23 21 93 44 68 54 44 54 23 12 86 41 40 40 30 95 69 65 53 73 39 67 66 9 82 13 57 82 85 66 60 75 14 65 91 1 55 
844
95 21 45 10 10 98 76 10 25 87 34 57 78 94 34 72 13 12 73 68 18 56 64 26 94 39 29 48 36 63 50 9 30 41 28 88 97 77 20 61 66 75 92 2 8 29 43 27 99 18 57 64 99 55 50 38 72 71 12 86 11 21 56 89 54 57 22 33 20 42 80 71 70 7 46 86 87 28 31 31 19 31 45 70 65 98 49 77 99 75 32 26 78 88 64 62 39 37 87 42 100 100 97 74 72 65 75 10 72 32 94 40 81 20 48 58 25 2 77 47 80 36 5 22 67 3 48 96 15 14 87 79 89 38 69 7 40 16 57 9 67 62 18 14 27 88 6 81 37 89 26 70 7 62 41 24 18 5 30 54 83 67 60 45 73 76 48 99 25 36 8 74 77 84 15 98 18 35 96 74 13 86 43 90 58 89 72 18 76 29 6 17 95 79 84 48 91 36 100 59 25 86 77 73 2 88 96 78 99 95 47 48 77 8 85 29 70 56 54 52 13 87 53 50 23 35 74 18 90 26 13 8 72 24 56 38 59 25 49 1 36 10 59 34 13 7 74 13 64 45 94 40 35 46 15 47 65 66 94 57 11 42 46 45 99 31 33 78 50 77 46 43 36 100 32 99 1 68 96 68 49 73 55 4 77 57 83 37 66 26 75 56 57 65 95 70 56 2 97 17 41 81 96 100 19 82 49 96 80 51 17 84 35 4 74 60 65 35 75 75 93 62 3 42 74 67 79 83 36 41 8 71 32 92 49 85 36 66 61 94 25 42 31 47 76 15 64 80 45 50 3 55 54 74 61 24 81 40 96 42 48 82 23 39 46 96 8 84 49 15 8 64 13 30 86 51 46 46 64 30 84 4 21 49 97 18 66 38 5 82 57 9 46 62 53 69 80 34 53 24 100 43 68 83 95 84 99 60 50 92 20 25 83 57 2 63 59 17 7 46 3 46 55 38 75 46 99 79 55 17 95 78 20 6 54 32 52 58 59 50 10 40 70 63 93 44 33 24 18 8 94 43 49 4 71 25 77 51 17 29 12 61 98 14 87 51 66 62 61 66 76 36 99 48 57 24 28 42 14 29 71 86 72 83 71 33 60 100 8 20 3 38 71 30 1 81 46 58 76 77 49 74 80 57 18 62 10 87 82 48 67 66 67 50 74 94 90 65 83 96 26 15 46 93 39 37 4 29 50 87 37 71 11 50 8 14 37 55 85 60 29 100 60 83 71 3 90 22 41 91 49 83 57 14 17 69 79 62 16 26 49 56 83 63 50 34 80 80 77 7 66 58 81 60 82 66 42 27 39 90 88 20 96 82 9 80 98 56 84 90 20 53 45 31 44 85 4 30 24 92 2 54 89 92 90 95 69 13 91 89 43 98 48 46 36 69 27 48 84 89 45 42 54 14 36 71 25 34 47 80 3 61 44 91 50 34 77 75 60 16 34 63 12 36 97 47 48 75 66 57 16 87 92 38 100 50 42 79 22 16 95 98 37 18 96 81 99 22 55 49 29 8 6 45 56 42 31 47 54 20 90 11 9 71 81 71 41 11 83 75 40 34 60 29 27 72 7 53 34 44 81 59 73 3 24 18 88 52 7 19 95 54 15 81 67 12 34 12 48 35 62 30 10 67 59 51 58 1 95 57 50 63 55 32 99 37 69 5 70 15 54 36 35 22 15 76 50 82 80 65 47 49 84 11 48 88 34 47 45 73 56 30 44 70 56 37 89 59 5 20 52 77 48 11 48 93 6 35 94 35 64 92 91 28 18 28 73 83 3 80 33 87 47 62 13 13 3 92 44 22 54 11 50 10 71 92 82 30 91 8 51 86 51 49 40 81 77 76 94 38 51 70 46 89 42 26 30 64 50 3 7 16 16 96 27 69 80 100 4 42 99 21 54 2 
658
9 94 36 100 43 45 22 13 63 89 71 21 26 94 65 36 7 91 67 50 62 17 62 40 33 27 79 87 37 75 3 95 34 27 86 8 90 98 47 26 80 96 89 49 58 44 22 17 89 94 97 75 57 30 45 20 44 41 81 59 13 92 83 2 42 49 28 15 76 12 3 97 61 53 76 48 3 89 36 19 83 44 84 65 36 81 56 88 92 55 25 39 38 15 99 75 99 66 24 65 65 42 98 53 9 87 60 77 9 51 19 5 36 79 35 74 26 96 1 71 98 43 65 90 91 88 2 56 3 13 72 55 89 93 28 53 85 37 99 95 89 2 2 94 21 7 99 39 39 10 36 84 96 39 41 12 46 17 85 58 93 10 26 97 32 6 31 68 67 43 56 13 13 49 26 23 94 69 64 44 27 35 9 3 5 23 41 22 84 2 81 67 34 25 7 9 74 53 81 66 30 71 5 82 81 37 75 27 14 44 7 34 57 35 80 52 97 80 23 90 75 43 91 64 38 88 1 73 24 26 72 84 48 68 89 59 2 59 70 28 64 37 77 49 66 15 35 42 49 32 54 37 87 94 94 22 37 32 19 84 42 46 93 51 70 78 18 87 58 67 6 10 11 13 33 59 9 53 68 59 69 21 37 63 10 17 93 31 23 96 57 38 60 17 100 8 6 71 73 12 69 96 15 44 94 90 23 94 91 98 63 74 59 53 89 69 55 87 25 91 88 58 55 18 85 2 26 66 14 49 11 57 4 93 88 42 12 19 2 31 33 8 88 3 5 31 1 77 76 38 97 36 88 27 67 39 40 7 78 93 17 85 24 3 61 49 59 4 26 84 93 71 39 33 15 28 64 5 70 87 32 48 2 6 67 19 97 66 17 56 86 88 31 14 39 9 25 66 41 86 13 30 13 22 43 4 78 74 72 27 3 65 99 72 25 85 83 32 92 75 10 12 9 48 59 94 41 2 27 85 50 27 100 86 18 8 30 80 53 92 31 71 66 23 52 52 52 91 66 94 55 22 54 4 21 69 59 74 26 67 87 76 70 29 97 20 23 47 2 86 63 49 31 64 69 75 56 23 3 9 14 5 51 36 10 91 12 70 75 42 96 32 74 87 68 92 11 6 100 58 57 79 69 24 51 42 80 72 35 98 38 11 30 21 52 46 85 49 16 56 8 72 25 35 97 91 55 12 39 58 54 86 85 42 83 27 94 21 11 77 60 45 16 44 31 27 30 8 29 6 95 69 60 100 61 64 41 26 25 1 76 46 32 73 2 21 90 78 38 31 47 21 35 81 91 30 49 90 10 39 21 19 37 7 67 87 11 43 69 98 46 76 4 76 54 5 80 55 88 8 66 7 3 98 41 38 50 19 88 74 96 58 99 57 74 30 17 87 64 79 42 14 11 46 23 76 29 4 33 35 97 4 98 85 25 25 49 32 73 54 20 37 59 10 48 52 11 54 45 42 95 96 8 52 72 85 70 20 
893
51 9 69 8 4 56 53 35 74 61 20 28 30 45 76 89 49 19 4 89 49 39 46 23 72 3 52 29 22 38 90 79 66 7 23 23 44 44 58 85 54 4 69 96 89 51 61 16 82 58 96 34 89 37 5 61 45 64 88 72 41 62 60 90 63 3 20 4 9 2 50 76 20 5 87 82 33 89 13 35 100 18 84 8 28 84 84 22 81 66 84 12 42 20 9 93 87 36 32 39 64 46 15 21 73 89 53 79 50 19 86 73 92 53 77 98 30 29 44 20 8 28 1 92 55 83 47 47 6 24 90 11 52 100 12 100 61 84 64 15 49 27 25 91 44 23 86 81 76 20 34 74 52 46 92 56 50 40 81 58 49 94 60 82 55 26 34 90 86 83 25 11 78 80 32 57 1 13 37 53 97 25 76 45 10 31 38 36 57 37 76 25 87 86 42 39 71 45 48 44 44 51 39 93 96 71 25 8 33 75 21 59 97 15 28 77 3 9 77 45 74 56 36 64 55 53 91 99 68 80 91 27 85 41 65 69 18 65 65 69 26 77 30 16 39 3 41 99 59 38 83 98 54 43 42 8 12 29 90 35 20 92 95 65 60 68 91 82 31 33 42 57 7 30 10 35 31 86 27 44 72 41 38 9 89 65 35 84 48 11 56 9 50 80 33 88 16 32 47 51 58 49 65 46 97 69 31 40 99 98 91 65 25 56 77 54 22 64 57 79 75 30 23 95 60 63 48 40 91 20 58 92 90 34 5 42 75 83 31 99 94 98 72 46 85 64 35 30 7 27 55 36 15 57 95 30 69 91 77 64 47 74 79 16 59 10 2 59 81 86 41 23 37 54 20 17 20 19 43 11 72 12 7 82 71 49 83 78 31 90 26 45 43 32 66 59 45 72 90 80 98 49 45 5 30 9 5 58 21 91 81 37 79 38 21 41 61 83 12 71 89 80 24 76 48 64 90 37 27 2 53 66 100 54 88 3 97 95 62 74 26 61 83 48 47 74 41 77 38 54 1 61 30 62 13 85 99 8 5 66 12 47 58 58 89 48 10 47 53 59 69 94 97 98 35 90 18 73 63 25 94 39 49 59 50 26 81 36 10 40 77 3 10 8 94 67 99 16 92 59 13 45 59 74 20 21 43 54 95 20 80 80 41 40 2 39 18 90 82 41 37 11 42 32 97 59 51 92 12 23 90 1 74 95 61 48 94 90 85 45 46 35 4 39 54 24 13 75 19 94 47 40 1 50 18 11 72 44 87 95 22 37 44 15 23 14 85 69 41 83 11 65 78 20 86 52 72 6 36 43 87 9 19 20 60 29 53 37 79 68 26 80 86 34 49 51 100 5 36 8 21 33 64 54 14 31 27 13 31 15 95 50 7 93 65 58 74 44 16 65 65 68 19 81 95 25 49 72 18 26 90 5 77 93 36 62 93 36 33 47 99 4 8 75 95 45 41 36 71 38 40 61 28 68 7 58 36 37 55 35 37 56 24 79 51 24 33 18 41 74 83 53 82 21 22 5 50 13 54 84 12 51 80 37 6 23 61 31 35 15 88 10 50 11 84 34 70 86 27 12 67 95 87 40 28 12 39 2 81 84 87 28 87 81 23 67 45 76 23 34 58 50 91 24 34 22 83 29 32 79 14 53 81 67 74 2 5 19 14 21 98 11 79 27 66 89 100 43 36 57 91 70 15 91 55 54 87 99 43 64 100 85 18 26 90 88 89 38 21 94 79 20 35 29 47 46 65 71 82 13 77 93 46 70 10 61 1 10 58 47 82 15 23 54 21 17 90 16 41 4 32 57 29 52 53 40 29 39 63 18 11 4 21 69 36 30 53 87 35 32 39 22 63 63 90 21 95 61 77 99 2 95 70 72 91 94 36 63 6 81 61 95 58 65 31 41 65 92 17 76 12 71 90 54 47 33 22 10 79 20 56 42 25 23 55 78 8 66 10 24 49 48 5 77 44 57 67 72 1 91 26 38 48 88 4 6 73 66 56 56 14 84 92 
600
16 92 91 67 95 47 27 38 90 48 83 66 58 83 78 42 54 35 2 87 22 25 84 37 31 91 18 2 35 31 25 23 84 82 48 97 28 45 21 30 3 20 9 74 41 95 9 39 36 11 14 60 75 76 89 34 31 25 80 29 94 7 78 58 46 10 85 80 23 37 79 97 93 92 87 39 26 22 28 63 37 40 41 11 3 100 41 45 18 9 42 56 81 22 21 86 8 60 19 77 31 91 25 94 21 31 90 86 36 23 14 37 53 87 61 37 29 99 79 18 14 14 67 76 41 40 52 28 32 38 76 48 48 70 67 15 4 70 86 85 66 3 33 89 67 71 84 24 100 59 68 29 25 44 58 57 45 62 48 10 15 20 20 72 74 10 14 7 80 70 31 47 56 13 98 6 48 28 76 51 44 20 88 3 76 72 45 19 26 13 3 34 98 74 57 13 86 6 14 15 21 30 88 29 30 72 26 70 35 56 83 83 50 80 72 94 33 37 32 15 82 67 46 76 79 38 25 36 39 5 36 29 40 76 14 68 39 72 26 43 43 15 99 9 95 62 81 50 5 20 78 99 82 55 30 86 69 93 28 99 1 42 6 84 7 56 53 50 29 98 1 7 69 2 8 21 13 67 12 47 46 59 32 95 21 3 10 18 34 86 70 8 57 86 51 97 64 66 60 94 64 22 51 62 46 10 91 66 52 48 98 89 15 22 64 81 16 97 2 35 9 45 10 65 47 46 80 31 22 42 74 55 35 49 100 69 2 43 54 34 34 27 97 40 15 33 36 15 94 90 30 54 100 36 47 74 35 8 4 44 54 1 12 96 34 81 56 42 17 64 55 17 45 16 83 33 9 87 11 42 67 80 89 29 55 58 93 98 73 80 68 74 42 5 94 55 40 61 42 44 66 53 62 96 25 53 4 45 48 92 90 40 37 42 69 100 79 54 26 14 11 13 50 8 100 12 40 82 18 61 26 49 81 65 79 66 9 4 27 21 100 33 65 56 59 88 8 74 46 90 84 100 50 44 83 27 10 38 42 29 78 15 78 72 14 10 59 64 79 80 68 98 62 3 66 51 43 4 48 35 70 22 4 4 81 55 28 75 44 36 97 69 51 20 37 94 25 97 32 52 63 62 29 7 71 20 20 65 61 76 43 16 30 15 25 94 63 29 92 52 17 16 69 26 42 95 45 46 28 7 98 68 55 20 78 62 45 5 72 94 60 43 2 25 61 46 48 62 64 46 78 97 86 27 52 42 4 70 43 35 18 42 22 74 72 90 41 22 92 69 85 91 24 10 44 49 97 77 12 28 81 23 31 74 54 100 75 66 32 93 9 47 45 54 8 57 33 87 50 38 
935
1 2 3 4 5 6 7 8 9 10 11 12 13 14 15 16 17 18 19 20 21 22 23 24 25 26 27 28 29 30 31 32 33 34 35 36 37 38 39 40 41 42 43 44 45 46 47 48 49 50 51 52 53 54 55 56 57 58 59 60 61 62 63 64 65 66 67 68 69 70 71 72 73 74 75 76 77 78 79 80 81 82 83 84 85 86 87 88 89 90 91 92 93 94 95 96 97 98 99 100 101 102 103 104 105 106 107 108 109 110 111 112 113 114 115 116 117 118 119 120 121 122 123 124 125 126 127 128 129 130 131 132 133 134 135 136 137 138 139 140 141 142 143 144 145 146 147 148 149 150 151 152 153 154 155 156 157 158 159 160 161 162 163 164 165 166 167 168 169 170 171 172 173 174 175 176 177 178 179 180 181 182 183 184 185 186 187 188 189 190 191 192 193 194 195 196 197 198 199 200 201 202 203 204 205 206 207 208 209 210 211 212 213 214 215 216 217 218 219 220 221 222 223 224 225 226 227 228 229 230 231 232 233 234 235 236 237 238 239 240 241 242 243 244 245 246 247 248 249 250 251 252 253 254 255 256 257 258 259 260 261 262 263 264 265 266 267 268 269 270 271 272 273 274 275 276 277 278 279 280 281 282 283 284 285 286 287 288 289 290 291 292 293 294 295 296 297 298 299 300 301 302 303 304 305 306 307 308 309 310 311 312 313 314 315 316 317 318 319 320 321 322 323 324 325 326 327 328 329 330 331 332 333 334 335 336 337 338 339 340 341 342 343 344 345 346 347 348 349 350 351 352 353 354 355 356 357 358 359 360 361 362 363 364 365 366 367 368 369 370 371 372 373 374 375 376 377 378 379 380 381 382 383 384 385 386 387 388 389 390 391 392 393 394 395 396 397 398 399 400 401 402 403 404 405 406 407 408 409 410 411 412 413 414 415 416 417 418 419 420 421 422 423 424 425 426 427 428 429 430 431 432 433 434 435 436 437 438 439 440 441 442 443 444 445 446 447 448 449 450 451 452 453 454 455 456 457 458 459 460 461 462 463 464 465 466 467 468 467 466 465 464 463 462 461 460 459 458 457 456 455 454 453 452 451 450 449 448 447 446 445 444 443 442 441 440 439 438 437 436 435 434 433 432 431 430 429 428 427 426 425 424 423 422 421 420 419 418 417 416 415 414 413 412 411 410 409 408 407 406 405 404 403 402 401 400 399 398 397 396 395 394 393 392 391 390 389 388 387 386 385 384 383 382 381 380 379 378 377 376 375 374 373 372 371 370 369 368 367 366 365 364 363 362 361 360 359 358 357 356 355 354 353 352 351 350 349 348 347 346 345 344 343 342 341 340 339 338 337 336 335 334 333 332 331 330 329 328 327 326 325 324 323 322 321 320 319 318 317 316 315 314 313 312 311 310 309 308 307 306 305 304 303 302 301 300 299 298 297 296 295 294 293 292 291 290 289 288 287 286 285 284 283 282 281 280 279 278 277 276 275 274 273 272 271 270 269 268 267 266 265 264 263 262 261 260 259 258 257 256 255 254 253 252 251 250 249 248 247 246 245 244 243 242 241 240 239 238 237 236 235 234 233 232 231 230 229 228 227 226 225 224 223 222 221 220 219 218 217 216 215 214 213 212 211 210 209 208 207 206 205 204 203 202 201 200 199 198 197 196 195 194 193 192 191 190 189 188 187 186 185 184 183 182 181 180 179 178 177 176 175 174 173 172 171 170 169 168 167 166 165 164 163 162 161 160 159 158 157 156 155 154 153 152 151 150 149 148 147 146 145 144 143 142 141 140 139 138 137 136 135 134 133 132 131 130 129 128 127 126 125 124 123 122 121 120 119 118 117 116 115 114 113 112 111 110 109 108 107 106 105 104 103 102 101 100 99 98 97 96 95 94 93 92 91 90 89 88 87 86 85 84 83 82 81 80 79 78 77 76 75 74 73 72 71 70 69 68 67 66 65 64 63 62 61 60 59 58 57 56 55 54 53 52 51 50 49 48 47 46 45 44 43 42 41 40 39 38 37 36 35 34 33 32 31 30 29 28 27 26 25 24 23 22 21 20 19 18 17 16 15 14 13 12 11 10 9 8 7 6 5 4 3 2 1 
930
8 40 98 46 36 96 1 93 18 33 86 34 88 76 72 61 21 81 45 64 87 1 10 37 45 100 7 36 5 4 23 25 28 35 38 19 18 84 59 7 74 74 24 32 97 18 63 15 64 58 67 34 33 32 35 40 17 56 28 93 67 77 20 20 88 20 50 95 21 52 76 93 69 39 30 85 79 66 82 21 66 44 81 70 11 27 66 49 56 42 33 36 12 90 79 12 54 83 8 65 7 37 94 4 58 18 7 26 23 41 61 53 12 41 68 97 40 49 6 35 4 57 69 84 39 44 19 7 81 34 87 83 78 70 3 69 67 55 14 54 49 26 33 66 87 4 85 1 55 26 34 36 2 79 50 12 36 33 95 47 59 42 27 81 37 97 57 9 54 100 11 94 17 3 18 47 67 57 35 27 41 46 63 19 12 10 69 64 63 29 58 18 91 4 47 2 3 54 79 63 19 41 75 96 79 38 71 2 47 8 52 71 38 42 26 16 15 99 1 50 70 34 79 70 41 89 14 17 45 71 30 50 17 47 21 77 81 41 91 31 65 3 15 31 100 37 90 90 36 77 33 67 85 38 61 58 98 74 96 25 3 46 19 30 62 74 52 17 97 73 63 14 42 76 89 29 21 27 73 77 84 21 36 97 59 59 82 8 28 71 82 52 78 96 11 90 46 68 69 9 3 1 26 99 7 36 46 13 10 85 96 41 95 56 21 22 60 74 6 56 17 45 7 80 55 86 11 20 80 25 35 53 25 99 93 67 76 34 9 77 48 76 39 39 1 30 10 66 25 32 39 55 55 63 43 7 23 90 69 2 91 39 38 81 33 14 86 17 34 60 41 25 48 22 6 77 48 40 91 44 69 67 15 53 32 80 63 1 76 24 17 63 81 41 28 28 75 20 85 61 77 30 57 62 44 34 26 58 92 92 60 18 30 3 85 20 28 94 75 41 7 97 50 66 72 28 91 56 33 91 72 53 63 43 87 16 34 38 77 34 87 45 57 20 90 63 44 85 90 73 35 85 100 100 54 37 16 25 6 26 61 82 31 84 50 72 59 38 25 29 81 83 16 63 62 15 24 67 88 47 6 79 49 37 50 8 39 76 24 34 69 48 78 30 74 32 59 65 23 99 78 51 75 20 29 56 25 84 9 17 88 97 23 6 30 85 58 33 93 13 59 5 54 85 68 82 5 59 47 89 10 87 56 6 61 2 60 34 39 30 18 82 22 97 86 10 54 20 92 15 36 17 31 24 97 25 64 4 91 78 47 80 50 87 29 92 98 12 60 1 97 24 52 93 27 76 38 66 36 18 83 4 27 10 95 30 29 99 67 62 78 89 97 25 63 89 39 93 25 48 80 5 37 25 86 69 32 27 19 75 22 6 45 96 95 71 87 16 96 57 99 38 3 1 1 65 42 73 70 22 35 67 31 96 24 93 11 35 10 100 73 93 32 7 31 8 92 68 7 51 87 86 92 63 9 90 92 21 73 65 51 32 51 47 2 85 95 18 84 23 60 28 87 82 19 58 71 89 73 74 85 46 95 23 84 1 92 74 95 7 42 22 59 98 40 43 44 80 36 50 5 63 84 25 71 13 90 73 59 23 12 98 76 86 38 64 97 3 72 91 37 8 84 17 35 65 78 56 4 73 22 9 91 36 74 14 95 96 47 2 47 15 88 64 92 6 48 62 83 41 64 36 49 91 40 93 20 26 6 36 25 72 46 88 26 61 96 15 22 84 72 12 30 9 60 26 32 29 45 16 55 95 86 6 97 54 34 32 16 4 56 1 11 36 61 22 57 86 90 34 57 7 25 19 52 47 84 43 30 8 89 57 62 1 79 95 18 86 42 19 19 31 49 89 15 19 33 83 52 43 54 24 19 86 61 43 95 55 46 70 86 49 25 23 95 54 25 10 94 16 85 64 78 17 78 68 50 19 94 58 60 6 56 53 73 70 32 71 28 60 7 50 23 33 11 78 49 97 15 66 6 99 69 76 78 67 70 66 85 77 33 66 75 66 16 43 52 90 43 84 53 51 10 29 59 89 74 10 13 11 19 68 16 33 92 15 13 51 12 66 45 7 54 47 38 64 89 40 6 95 
760
10 68 27 44 86 41 71 21 39 65 43 99 39 84 13 8 74 21 99 83 30 93 98 96 25 47 32 3 75 94 37 88 26 58 3 32 47 54 98 89 57 27 74 10 27 33 51 54 88 57 50 73 99 35 19 34 17 93 77 34 61 52 59 82 65 29 1 61 39 7 66 31 30 70 69 68 96 31 88 52 15 37 7 14 78 23 93 86 75 47 5 1 7 28 99 38 47 36 32 41 81 6 6 87 44 7 81 12 25 62 37 23 47 95 25 76 64 26 21 91 73 67 31 3 59 60 23 66 80 41 3 58 28 12 71 83 63 34 68 11 18 47 32 76 69 60 99 49 27 73 41 9 80 54 57 71 78 91 31 68 24 52 21 86 45 98 7 73 29 6 62 63 82 9 18 16 56 12 90 3 19 82 85 11 78 71 54 40 94 14 61 72 39 7 65 79 13 87 38 53 12 20 7 57 75 43 23 42 44 68 7 58 11 74 37 85 39 72 66 100 65 28 92 55 58 16 31 39 11 19 90 26 39 7 43 28 61 21 44 89 83 24 60 71 89 54 94 32 29 50 5 32 29 80 31 9 4 34 62 95 66 66 78 94 11 59 73 87 61 60 96 13 91 66 37 27 12 47 24 25 55 62 47 67 99 72 95 65 7 91 31 63 78 12 93 23 49 56 22 47 5 95 94 11 41 8 50 69 73 13 43 1 34 71 49 20 42 14 96 66 18 71 57 90 89 80 13 77 16 93 62 58 84 15 81 55 58 24 68 82 60 35 76 3 14 92 15 70 38 47 80 42 28 33 14 84 28 10 53 33 54 49 24 26 40 88 68 80 62 69 62 43 84 48 14 1 46 12 29 76 23 59 37 16 31 13 25 40 12 52 45 68 58 67 20 19 28 96 17 51 12 5 35 88 65 73 65 40 50 49 5 94 64 41 22 84 45 18 5 82 16 33 80 83 24 47 100 90 62 1 20 22 63 67 9 78 15 55 39 52 26 92 52 76 62 73 71 78 26 5 58 55 15 63 58 90 45 59 1 87 89 8 75 22 96 7 61 92 1 23 80 6 100 98 31 85 93 46 78 21 21 10 39 68 98 8 86 100 39 3 11 8 64 50 66 47 58 16 48 54 90 25 97 74 92 41 75 99 56 36 75 26 13 34 8 38 14 75 84 92 10 36 69 17 67 3 28 32 88 12 30 35 1 26 17 25 30 51 72 11 90 17 24 82 21 69 6 61 67 18 11 42 26 41 83 59 9 33 10 12 34 34 5 86 85 78 74 46 67 44 97 96 68 43 65 80 19 8 24 29 28 4 15 55 2 45 3 25 26 57 59 74 93 41 31 13 35 55 96 18 37 6 40 90 41 4 3 31 69 56 24 56 77 59 35 1 62 36 79 25 25 16 16 80 98 21 90 73 60 90 42 76 100 91 88 9 39 49 19 70 84 47 34 1 72 37 40 39 9 9 39 16 88 26 82 35 93 20 28 88 88 22 43 91 27 14 38 14 55 92 78 54 3 64 3 80 16 9 3 98 88 50 21 7 66 70 87 3 79 51 55 37 27 53 86 94 93 13 58 10 7 49 14 55 9 66 71 74 5 61 100 58 47 73 89 67 3 37 57 6 77 16 8 66 27 45 87 64 41 21 80 9 52 37 72 9 1 4 99 12 16 52 67 60 94 74 86 3 95 72 86 30 74 50 90 54 17 74 19 28 
594
55 76 93 75 66 94 1 79 25 87 68 18 33 35 8 49 38 1 36 41 89 99 4 2 72 80 70 40 21 13 73 97 45 25 15 43 19 95 61 75 85 33 47 27 43 19 24 58 49 66 75 52 39 87 43 33 42 43 18 44 88 72 78 84 42 4 1 33 10 36 81 75 80 47 6 16 95 64 68 27 29 58 79 33 9 43 46 76 82 61 75 70 78 26 32 67 62 64 52 71 61 21 16 86 20 95 39 64 13 81 61 58 81 28 39 49 10 30 10 9 5 95 68 88 90 32 28 8 28 27 60 3 72 95 63 65 41 87 3 75 35 7 77 69 72 32 52 88 64 21 100 93 88 68 21 66 16 45 27 56 70 17 7 7 13 80 89 52 70 52 82 30 12 36 52 52 93 88 4 89 86 93 22 78 26 4 98 61 8 46 85 55 90 50 27 67 36 15 36 25 21 33 15 30 57 80 20 33 24 43 19 94 36 72 11 65 74 26 96 6 47 79 96 40 78 21 100 90 45 57 95 54 82 64 25 83 28 2 23 26 71 52 3 47 69 46 48 47 46 74 20 72 81 42 95 26 32 2 52 14 85 81 59 24 49 82 89 20 31 21 26 19 40 49 45 2 60 24 87 1 8 40 53 44 54 56 26 6 99 36 52 63 46 90 26 79 96 40 47 67 13 41 8 1 75 81 11 68 36 98 56 97 77 28 44 97 1 51 85 40 62 80 54 1 29 98 70 45 46 40 69 15 39 6 28 44 14 31 33 28 68 83 48 45 83 57 69 2 31 91 52 80 8 28 65 66 82 35 17 65 55 76 81 69 77 86 42 88 40 96 66 43 3 21 71 7 51 87 35 62 74 55 73 30 84 23 50 92 59 82 6 93 76 58 16 69 97 70 56 15 4 97 58 37 54 60 19 16 63 33 47 9 94 97 61 70 95 80 87 95 8 61 25 40 15 9 35 36 1 8 66 32 42 15 79 36 72 65 60 77 5 87 47 56 22 41 62 96 32 100 46 26 78 79 58 91 14 80 31 7 18 34 75 84 34 91 1 24 50 53 15 76 40 66 11 75 73 15 67 60 94 58 50 9 1 1 31 98 92 24 16 84 19 90 80 69 7 42 73 33 41 71 72 97 8 43 69 7 90 64 73 46 65 25 98 30 91 100 25 86 73 19 20 93 17 14 61 14 60 7 28 5 50 83 34 69 93 33 20 95 24 7 21 89 45 70 19 46 53 20 72 49 4 44 52 39 37 49 32 87 33 64 67 82 96 85 33 68 9 90 83 82 96 97 26 86 55 46 34 30 42 100 76 92 86 64 77 3 78 43 16 1 64 37 
